,1,2,3,4,5,6,7,8,9,10,11,12,13,14,15,16,17,18,19,20,21,22,23,24,25,26,27,28,29,30,31,32,33,34,90,35,36,37,38,39,40,41,42,43,44,45,46,47,48,49,50,51,52,53,54,55,56,57,58,59,60,61,62,63,64,65,66,67,68,69,70,71,72,73,74,75,76,77,78,79,80,81,82,83,84,85,86,87,88,89
1,0.0,4.2175943770028445e-05,5.5198327697038324e-05,6.429086817590108e-05,7.493269904570567e-05,8.27041838481082e-05,7.880574129119426e-05,7.017184519521221e-05,5.714963571931648e-05,5.2653694646015126e-05,4.621467713425078e-05,4.047557157788517e-05,4.110403823108089e-05,3.173055496568978e-05,2.3173541471716402e-05,1.9684599921194438e-05,1.7037215921498474e-05,1.3438716706258124e-05,1.4075516769923343e-05,1.734408444023861e-05,2.3889765411327463e-05,3.299529059936498e-05,3.6680411362840324e-05,3.96598326569249e-05,3.2480413937190054e-05,2.8846917669321765e-05,2.626143606660863e-05,2.0893150426654665e-05,1.6765867520296816e-05,8.341643913698304e-06,4.632347416232e-06,4.945397999190966e-06,5.643350108133288e-06,6.507387357924826e-06,6.854500314460914e-06,1.672602723190091e-05,2.8235810005818502e-05,2.6739532503491296e-05,2.7835890063125752e-05,3.980666696295943e-05,4.698852034098035e-05,4.522174445070994e-05,3.9444830699260874e-05,2.764359106981764e-05,2.9908014954833062e-05,3.991897540091061e-05,5.841989318095048e-05,7.016554053490646e-05,7.178671527035428e-05,7.920557397680747e-05,7.565461559676176e-05,6.0936880743679886e-05,4.405031407888758e-05,2.9182613553420814e-05,1.8690037172998602e-05,1.6490273463313764e-05,2.066399150174451e-05,1.9736585209709023e-05,1.889383179284526e-05,1.3263287850393157e-05,3.08478157218827e-05,4.972520715951905e-05,6.200868077242973e-05,5.808876065893585e-05,5.6106968727158516e-05,4.468538486990451e-05,3.829980127934137e-05,3.0128257856458076e-05,2.5523177541227033e-05,2.2969836637613548e-05,2.1232628964027297e-05,1.6541834687553924e-05,1.194725355848336e-05,8.843874380252208e-06,7.571066234869493e-06,3.271317266156722e-05,2.4190284636013968e-05,2.2431077596355474e-05,1.3467846732820867e-05,3.080980056097267e-05,4.944050124267027e-05,3.761321578132364e-05,3.5209862807619765e-05,4.015113695818383e-05,3.336709309921842e-05,2.8272708339601214e-05,1.9437516244615074e-05,1.1096206834082129e-05,1.0296327496680155e-05,8.115914753618962e-06
2,4.2175943770028445e-05,0.0,8.371093091130061e-05,9.750020786207901e-05,0.00011363905854613257,0.00012542489073552056,0.0001195127142410684,0.0001064189936567602,8.667018380635449e-05,7.985187194310212e-05,7.008679077936822e-05,6.138315991289615e-05,6.233625995742063e-05,4.8120919696858885e-05,3.514379529315153e-05,2.985264686031629e-05,2.5837761113947533e-05,2.038046318918599e-05,2.1346201253323958e-05,2.6303142049255952e-05,3.6229983502600095e-05,5.003895239221038e-05,5.562761608007126e-05,6.014605242607228e-05,4.9258117057275414e-05,4.374774441128835e-05,3.982673664081615e-05,3.168547209409285e-05,2.5426248153073845e-05,1.2650506029437854e-05,7.025178672906521e-06,7.499935007295004e-06,8.558413102713866e-06,9.868767338789217e-06,1.0395180908462796e-05,2.536582843080072e-05,4.282097011334829e-05,4.055179298702446e-05,4.22144721977493e-05,6.036873374561021e-05,7.126036139133071e-05,6.858096039030881e-05,5.981999156925444e-05,4.192284148329212e-05,4.535694971267234e-05,6.0539054918050235e-05,8.859659062059775e-05,0.00010640943233479099,0.0001088680221496686,0.00012011907982709039,0.00011473387987588134,9.241372387008113e-05,6.680442963268803e-05,4.4256843438984634e-05,2.8344344399449495e-05,2.500829645007486e-05,3.133794151243917e-05,2.9931485062066412e-05,2.8653408786974294e-05,2.01144168532578e-05,4.6782202983254676e-05,7.541067917722353e-05,9.40391603986994e-05,8.809441215198561e-05,8.508892893531765e-05,6.776754517130344e-05,5.8083499130780956e-05,4.569095871422811e-05,3.870713191742499e-05,3.4834867070045285e-05,3.220030769824094e-05,2.5086491537863756e-05,1.8118587264150986e-05,1.341216279770078e-05,1.1481887748313914e-05,4.961110690874849e-05,3.668573542670411e-05,3.40178129533313e-05,2.0424640281912826e-05,4.672455115499662e-05,7.497890889849019e-05,5.704225905001767e-05,5.3397458145152794e-05,6.0891139136757485e-05,5.060280884722307e-05,4.287692821930723e-05,2.947793252670515e-05,1.682793378747939e-05,1.5614878125392252e-05,1.23081768518624e-05
3,5.5198327697038324e-05,8.371093091130061e-05,0.0,0.00016660134924516813,0.0001941782576250257,0.0002143170407905625,0.00020421473842065766,0.0001818411295451692,0.00014809578233813505,0.00013644514096105152,0.00011975927194559288,0.00010488713292679899,0.00010651572179717375,8.222556981371476e-05,6.0051192113532234e-05,5.101005787088765e-05,4.414970960007765e-05,3.482467104442404e-05,2.7937124970875584e-05,3.442458720576009e-05,4.741647306671435e-05,6.548914487420529e-05,7.280338285102805e-05,7.871694655133843e-05,6.446721623805713e-05,5.7255442704203476e-05,5.21237716028454e-05,4.146878328133546e-05,3.3276940649208364e-05,1.6556518122126636e-05,9.194296081002135e-06,9.815639751809164e-06,1.1200937045679961e-05,1.2915880590665649e-05,1.3604831355619455e-05,4.33433049421884e-05,7.316939679720928e-05,6.929198997714796e-05,7.213305673939005e-05,0.00010315375438448338,0.00012176458507953,0.00011718621717932459,0.00010221610318380158,7.163473912986633e-05,5.9361511558096606e-05,7.923129379289011e-05,0.00011595196704030528,0.0001392647606915106,0.00014248247283126018,0.00015720744429847692,0.00015015949219474356,0.00012094769097993113,8.743118633184681e-05,5.792173283191826e-05,3.709603794640755e-05,3.272994079570259e-05,4.101394800757226e-05,3.917322941067254e-05,3.750053007668684e-05,2.6325010744393967e-05,6.122683074359841e-05,9.869472995738021e-05,0.00012307500266847636,0.00011529473428639242,0.00011136126812885551,8.869167661039234e-05,7.601755247715056e-05,5.9798650283958096e-05,5.06584740211274e-05,4.559059586904965e-05,4.214258122982533e-05,3.28322796574861e-05,2.3712942208650818e-05,1.7553346553909606e-05,1.5027073394441166e-05,6.492919640384977e-05,4.801294446264614e-05,4.4521265420239575e-05,2.673101978517725e-05,6.115137814612074e-05,9.812964485898099e-05,9.746971345095456e-05,9.124173956458633e-05,0.00010404640317905004,8.64664436558764e-05,6.411958546139662e-05,4.4082281365954924e-05,2.5165052242225252e-05,2.3351008433004722e-05,1.840605729707113e-05
4,6.429086817590108e-05,9.750020786207901e-05,0.00016660134924516813,0.0,0.00029528122349456427,0.00032590568477845744,0.0003105434076606043,0.0002765205119793546,0.00022520494486893207,0.00020748815369777554,0.00018211443844140957,0.00015949880959005287,0.00016197535727410165,0.00012503803028255333,9.131809964961614e-05,7.756951001038852e-05,6.713717811195604e-05,5.295686344889713e-05,3.2539065831383986e-05,4.5813982138576e-05,7.21048502143527e-05,9.958743610425654e-05,0.00011070998486508278,0.000119702569029746,9.803341897743341e-05,8.70666849121074e-05,7.926310206038125e-05,6.306037150559711e-05,5.0603274894088154e-05,2.5177015118511426e-05,1.398149838800331e-05,1.49263576197758e-05,1.7032938886087256e-05,1.964080360987812e-05,2.0688470981556387e-05,6.59109020245834e-05,0.00011126657161772107,0.00010537031194468998,0.00010969063946150496,0.0001568629113024981,0.00018516385974594166,0.00017820166896456417,0.00015543705241832204,0.00010893286237961765,6.913983219293411e-05,9.228266284810108e-05,0.0001350521463012488,0.00016220513817571174,0.00016595288771153213,0.00018310342902301338,0.00017489450352624515,0.00014087079050019088,0.00010183328208374337,6.746288602175209e-05,4.3206680074633414e-05,3.812137789120855e-05,4.776996758308618e-05,4.562603675040337e-05,4.367780214138709e-05,3.0661396207259035e-05,7.131241594437101e-05,0.00011495221210635586,0.00014334852345050732,0.00013428665093018224,0.00012970524484852408,0.0001033014065309143,8.853953822998435e-05,6.96489785633313e-05,5.900318743640777e-05,5.310050342766304e-05,4.908451483004395e-05,3.824057451448865e-05,2.7619054873666565e-05,2.0444820276753798e-05,1.7502406956496323e-05,7.56246535162889e-05,5.592187321556237e-05,5.18550275991514e-05,4.064908359960107e-05,9.29911205209935e-05,0.0001492228942078662,0.00014821935572746203,0.00013874865714590264,0.00015822033633779522,0.0001314870036749183,9.750478697551842e-05,6.703464195928194e-05,3.8267762345145396e-05,3.550919873451826e-05,2.7989555498461516e-05
5,7.493269904570567e-05,0.00011363905854613257,0.0001941782576250257,0.00029528122349456427,0.0,0.0004959362836955381,0.0004725592424877171,0.0004207860171873057,0.0003426982364670287,0.00031573829074406265,0.0002771266719981514,0.00024271208075343678,0.00024648068594256337,0.0001902725204106001,0.0001389603222329646,0.00011803885700486189,0.00010216379819604107,8.058536957669583e-05,3.792513768052453e-05,5.33974020428934e-05,8.404010078173207e-05,0.00011607177799989492,0.00012903540133495184,0.0001395164948708215,0.0001491791391079462,0.00013249087133399739,0.0001206160251445973,9.596005149221339e-05,7.700387340852136e-05,3.83122967643499e-05,2.1275886475423197e-05,2.2713695013004265e-05,2.5919315943572943e-05,2.9887748529757227e-05,3.148200198137279e-05,7.682089113692203e-05,0.00012968411784495696,0.00012281187200180346,0.00012784732743710157,0.00018282785187942547,0.00021581335219369102,0.00020769873558760672,0.00018116597582018044,0.0001269641183028675,8.058429423614036e-05,0.00010755787250241412,0.00015740683119381835,0.00018905435791180867,0.00019342245863955058,0.00021341186595394564,0.00020384414722202584,0.00016418861415902028,0.00011868937060143604,7.862976933507309e-05,5.0358522861107974e-05,4.443146931713545e-05,5.5677154561559836e-05,5.3178346746106374e-05,5.090762803021623e-05,3.573666431185164e-05,8.31164977825693e-05,0.00013397982884344461,0.00016707647712851248,0.00015651462619039436,0.00015117487681597636,0.00012040050828681482,0.00010319516223798732,8.117771773197498e-05,6.876976796787112e-05,6.189003439234968e-05,5.720929397781631e-05,4.4570396118918166e-05,3.219073541071031e-05,2.3828976156458033e-05,2.0399515985043282e-05,8.814252417415609e-05,6.517841514083915e-05,6.0438399532306734e-05,6.185640937720747e-05,0.00014150618685652893,0.00022707504364659475,0.00022554794188752166,0.0002111362170299698,0.00024076660602518889,0.00020008603409642304,0.00014837471070207022,0.00010200776716965318,5.823271188318327e-05,5.4034958209993574e-05,4.2592187815419665e-05
6,8.27041838481082e-05,0.00012542489073552056,0.0002143170407905625,0.00032590568477845744,0.0004959362836955381,0.0,0.0006809641172242399,0.0006063582149527109,0.000493832690355516,0.0004549830520688832,0.00039934319888245063,0.0003497513178238566,0.00035518192773483935,0.0002741852179450352,0.00020024366185373305,0.0001700955538089244,0.00014721938414451982,0.0001161245831656972,4.185846231538714e-05,5.8935399522618585e-05,9.27561402989959e-05,0.00012810991449039837,0.00014241803232539334,0.00020104511397933051,0.0002149691120972099,0.00019092109756073798,0.00017380928717698773,0.00013827970311021092,0.00011096359982810796,5.520852625297399e-05,3.065883374882098e-05,3.2730734864069654e-05,3.7350077013952554e-05,4.306864084647589e-05,4.5365981151568564e-05,8.478820574831026e-05,0.00014313402908237716,0.00013554904294281624,0.00014110673988131613,0.00020178945196098937,0.00023819597297324954,0.00022923976624116368,0.0001999552179765344,0.00014013193059852935,8.8941922160186e-05,0.0001187130074725479,0.00017373194442203596,0.0002086617267648033,0.00021348285572792615,0.0002355454217184567,0.00022498540747782424,0.00018121708551951487,0.00013099898511663137,8.678468788446646e-05,5.558134947846802e-05,4.903958423817834e-05,6.145159170351109e-05,5.86936253736943e-05,5.618740391713404e-05,3.944301610652962e-05,9.173674778787294e-05,0.00014787526057012275,0.00018440445702753096,0.00017274720628270417,0.00016685365620925334,0.00013288758979153664,0.00014870559336701536,0.00011697816469026036,9.909814500596582e-05,8.918435795075934e-05,8.243934911851459e-05,6.42265301757222e-05,4.638727539504889e-05,3.433786973949975e-05,2.939597228366099e-05,9.72840377695363e-05,7.193825522617695e-05,6.670663902492611e-05,8.913590385930528e-05,0.00020391228644105753,0.0003272181405794392,0.0003250175667512682,0.000304250080660767,0.00034694786301482747,0.00028832662093348295,0.00021380992012713288,0.00014699454137224747,8.39141078531251e-05,7.786508930184214e-05,6.13759058519105e-05
7,7.880574129119426e-05,0.0001195127142410684,0.00020421473842065766,0.0003105434076606043,0.0004725592424877171,0.0006809641172242399,0.0,0.0007543475879041196,0.0006143587892627758,0.0005660274065754735,0.00049680794519521,0.00043511253984954986,0.0004418685586288411,0.00034110357985655897,0.0002491156540597576,0.00021160951985945193,0.0001831501323533804,0.00014446625286382357,3.988537216124233e-05,5.61573505906605e-05,8.838387679391378e-05,0.00012207117352985386,0.0001771769500427894,0.0002501127106887541,0.0002674350362303038,0.00023751780032564047,0.00021622963671320993,0.00017202860936817757,0.0001380456664251168,6.868286366652117e-05,3.814150895635215e-05,4.0719083680536554e-05,4.646583456563797e-05,5.3580086054217434e-05,5.643812124695697e-05,8.079152826194937e-05,0.00013638709362694603,0.00012915964239534544,0.00013445536513549921,0.00019227766488494712,0.00022696808491827686,0.00021843404857526115,0.00019052989153031308,0.00013352650561989556,8.474945016771949e-05,0.00011311721027273298,0.00016554270931787063,0.0001988259999881142,0.0002034198744950813,0.00025645488534584653,0.00024495745431291,0.0001973038004753292,0.00014262781871712143,9.448860019783596e-05,6.051532865243133e-05,5.339284823053112e-05,6.690667468578879e-05,6.390388255448475e-05,6.117518279201725e-05,4.294438881255411e-05,8.74125355779328e-05,0.0001409048368007515,0.0001757121497038649,0.00016460438896408688,0.0001589886442609162,0.0001653204827602701,0.0001849990696885459,0.00014552816172933462,0.00012328429764384897,0.00011095092577277882,0.00010255971243135057,7.990182522930887e-05,5.770867523651548e-05,4.271846009998827e-05,3.657043021674144e-05,9.269834191591767e-05,6.85472882569735e-05,6.356227572546993e-05,0.00011089064584894647,0.00025367965276568724,0.0004070798563911953,0.00040434220475499993,0.000378506151654897,0.000431624866522399,0.00035869637067039773,0.0002659929288340782,0.0001828704138656305,0.00010439440464258866,9.686904679169611e-05,7.635547007214178e-05
8,7.017184519521221e-05,0.0001064189936567602,0.0001818411295451692,0.0002765205119793546,0.0004207860171873057,0.0006063582149527109,0.0007543475879041196,0.0,0.0007142314598285183,0.0006580431304425156,0.0005775710710950856,0.0005058462090195868,0.0005137005137673912,0.0003965547690560975,0.00028961291085091576,0.0002460096264988614,0.0002129237648825921,0.00016795127616340007,3.551556162018953e-05,5.000479467174833e-05,7.870060757652237e-05,0.0001419155613901634,0.00020597955769279227,0.0002907720530722135,0.0003109103665063101,0.00027612966270965247,0.00025138080839242185,0.0001999942817595953,0.0001604869330055922,7.98482301207224e-05,4.434194821994467e-05,4.73385440044381e-05,5.401951015267563e-05,6.229028338011289e-05,6.561293243084295e-05,7.194007088054139e-05,0.00012144462908166795,0.00011500901181990261,0.00011972453927044333,0.00017121187255821226,0.00020210163698972474,0.00019450258307131022,0.00016965558390121566,0.00011889744488532492,7.546436592194182e-05,0.00010072417615922406,0.00014740597805591168,0.00017704277712959226,0.00020696854709293267,0.00029814523750937,0.0002847787371931849,0.00022937831102296481,0.0001658139786633947,0.00010984905243634098,7.035294730184373e-05,6.207260741212182e-05,7.778329661474597e-05,7.429235834709868e-05,7.112007002170566e-05,4.992560381506119e-05,7.783568575328002e-05,0.0001254674118057412,0.00015646126241458655,0.00014657045935473055,0.00018483448673843446,0.00019219565472989228,0.00021507327301221676,0.00016918581326529284,0.00014332589590809494,0.00012898756080158004,0.0001192322375941548,9.289099183389872e-05,6.709003285914852e-05,4.9662947209485936e-05,4.2515468512469125e-05,8.254238323500766e-05,6.103730034524034e-05,5.6598441933081116e-05,0.00012891748152746597,0.00029491885180164796,0.00047325641820142767,0.0004700737227492017,0.00044003765547972063,0.0005017915652912125,0.00041700751570029226,0.0003092338242498354,0.0002125985742165867,0.00012136518485440486,0.00011261647413761875,8.876812671787536e-05
9,5.714963571931648e-05,8.667018380635449e-05,0.00014809578233813505,0.00022520494486893207,0.0003426982364670287,0.000493832690355516,0.0006143587892627758,0.0007142314598285183,0.0,0.0006997079227438089,0.0006141406781666306,0.0005378744701778253,0.0005462260796779313,0.00042166311123679746,0.0003079501006491922,0.0002615860219021552,0.00022640528916182412,0.0001785853132262587,3.3050283374649e-05,5.3170908392388736e-05,8.368363120668526e-05,0.0001509011158562762,0.00021902140114127752,0.0003091826353544531,0.0003305960303260862,0.0002936131444341515,0.0002672972866377888,0.00021265716026325259,0.00017064835620326775,8.4903916852637e-05,4.714951200619118e-05,5.033584085709911e-05,5.7439820412909344e-05,6.623426759536612e-05,6.976729416724083e-05,5.858972117673859e-05,9.89074220975221e-05,9.36661008651152e-05,9.750653965182716e-05,0.00013943906021430193,0.00016459642610378955,0.00015840757412133565,0.00013817158136186428,9.683293412409001e-05,6.14599916851329e-05,8.203218769029418e-05,0.00012005096809567275,0.00016475352455757184,0.0002200730095948489,0.0003170226618327485,0.0003028098454717557,0.00024390167468267882,0.00017631269016428914,0.00011680427731829703,7.48074287811109e-05,6.600280921164003e-05,8.27082395980181e-05,7.8996268375038e-05,7.562312279867962e-05,5.308670347135932e-05,6.339125149678477e-05,0.00010218367294455602,0.0001274258091162193,0.0001558507442844028,0.00019653750458605528,0.0002043647537829392,0.0002286908959841143,0.00017989801652966477,0.00015240074740056748,0.00013715456336056773,0.00012678157013051638,9.877249671157727e-05,7.13379189858278e-05,5.28074164468775e-05,4.520738653913858e-05,6.722449894486687e-05,4.971024305142537e-05,4.609513017305074e-05,0.00013708004693292143,0.00031359199363323033,0.0005032212175548631,0.0004998370059119186,0.0004678991689157496,0.0005335631018048447,0.0004434108481354278,0.00032881333578009,0.00022605950865765975,0.00012904956751206802,0.00011974692165325883,9.438858743173164e-05
10,5.2653694646015126e-05,7.985187194310212e-05,0.00013644514096105152,0.00020748815369777554,0.00031573829074406265,0.0004549830520688832,0.0005660274065754735,0.0006580431304425156,0.0006997079227438089,0.0,0.0007387459450946905,0.0006470058049240839,0.0006570519032734648,0.0005072158948208898,0.00037043123218157426,0.0003146601745231343,0.000272341493182948,0.00021481914598656235,3.0450229592361993e-05,4.898797235198832e-05,7.710027035110639e-05,0.00013902977991080622,0.00020179106710801524,0.0002848593497911157,0.00030458816076216785,0.00027051470506340877,0.0002462691062364455,0.00019592749874703706,0.00015722351203604042,7.822455656875487e-05,4.3440277031258506e-05,4.637593854940862e-05,5.292105061521899e-05,6.102364183382013e-05,6.427872648922191e-05,5.3980489103843006e-05,9.112641114503579e-05,8.62974227492349e-05,8.983573561224928e-05,0.00012846944002076278,0.0001516476850781575,0.00014594570783207388,0.00012730167326903213,8.921512238658438e-05,5.6624956474426346e-05,7.557874529599906e-05,0.00011060660206328363,0.00015179242465367189,0.0002027599459067089,0.000292082604235506,0.00027898790497255584,0.00022471401857164958,0.0001624422349028227,0.00010761532726948482,6.892235554465307e-05,6.081039219702754e-05,7.620161244582622e-05,7.278166064999126e-05,6.96738792102909e-05,4.891039180149539e-05,5.8404284778534276e-05,9.414492052855518e-05,0.00011740126702083322,0.00014359002286923548,0.0001810759705239241,0.00018828745287098817,0.00021069986630555516,0.00016574550494597695,0.00014041143598648886,0.00012636466370430328,0.0001168077100820128,9.100210029017006e-05,6.572579082411108e-05,4.8653076185733906e-05,4.1650937868911516e-05,6.193597204291542e-05,4.579955629575887e-05,4.246884303375854e-05,0.00012629600945693995,0.00028892182545650554,0.00046363298724534045,0.0004605150103024906,0.0004310897113362875,0.0004915878864879139,0.00040852787785245815,0.00030294571014825655,0.00020827548926380087,0.00011889728493377023,0.00011032647484400095,8.696307156021431e-05
11,4.621467713425078e-05,7.008679077936822e-05,0.00011975927194559288,0.00018211443844140957,0.0002771266719981514,0.00039934319888245063,0.00049680794519521,0.0005775710710950856,0.0006141406781666306,0.0007387459450946905,0.0,0.0007414316341114927,0.0007529438880340063,0.0005812403951901186,0.0004244929979176064,0.00036058255677299373,0.0003120877692135847,0.0002461704504582313,2.672647263854104e-05,4.299723582417369e-05,6.767168239939442e-05,0.00012202783553594595,0.00017711404826705038,0.0002500239150884606,0.000267340090817429,0.00023743347619992043,0.0002161528703611908,0.00017196753536840187,0.0001379966571293302,6.86584797154123e-05,3.812796786851798e-05,4.0704627496087326e-05,4.644933815623105e-05,5.356106392658602e-05,5.6418084452978134e-05,4.737921796855042e-05,7.998256718324213e-05,7.574411552097359e-05,7.884972829256573e-05,0.00011275891904817885,0.00013310269775292942,0.00012809801500034796,0.00011173395843027417,7.830500982518806e-05,4.9700293565337975e-05,6.633622456217728e-05,9.708052659241193e-05,0.0001332297371334689,0.00017796444292909408,0.0002563638381318534,0.0002448704889438083,0.00019723375321801408,0.00014257718265489705,9.445505463370868e-05,6.049384435873089e-05,5.3373892576510375e-05,6.688292132145154e-05,6.388119524844227e-05,6.115346423535484e-05,4.292914259506541e-05,5.12620279059766e-05,8.263194321514062e-05,0.00010304427233446551,0.00012603040662605467,0.0001589321997400915,0.00016526179029531266,0.00018493339088557147,0.0001454764959805417,0.0001232405289637771,0.0001109115357152724,0.00010252330144205623,7.987345829619201e-05,5.7688187367483725e-05,4.270329409224022e-05,3.655744689696076e-05,5.43618253230392e-05,4.019873099751463e-05,3.727533048279383e-05,0.0001108512771921598,0.00025358959082126407,0.0004069353339472295,0.00040419865423852944,0.0003783717735145041,0.00043147163005145394,0.00035856902544484294,0.00026589849540154854,0.00018280549078303143,0.00010435734229656875,9.683465611584426e-05,7.632836217433812e-05
12,4.047557157788517e-05,6.138315991289615e-05,0.00010488713292679899,0.00015949880959005287,0.00024271208075343678,0.0003497513178238566,0.00043511253984954986,0.0005058462090195868,0.0005378744701778253,0.0006470058049240839,0.0007414316341114927,0.0,0.0008609690528324416,0.0006646311902756143,0.0004853951803837721,0.00041231548234404845,0.0003568631279576494,0.00028148862476294715,2.3407482717301784e-05,3.7657683752652366e-05,5.9267968416090625e-05,0.0001068739780953498,0.00015511938593138077,0.00021897504210509794,0.00023414083257761552,0.00020794812940051004,0.00018931022607070614,0.00015061198559618787,0.00012085973373613689,6.013222167661477e-05,3.3393099081888104e-05,3.564977980876128e-05,4.068109154644648e-05,4.690965751963511e-05,4.9411882916115644e-05,4.1495495524495014e-05,7.005004305459177e-05,6.633793763108742e-05,6.905788418972323e-05,9.875610914085665e-05,0.00011657352391445302,0.00011219034074542926,9.785843183513836e-05,6.858081082941191e-05,4.35283315688224e-05,5.80983525574207e-05,8.502471609820662e-05,0.00011668478708578928,0.00015586417551225382,0.00022452765060208447,0.0002144615870357639,0.0001727405532393987,0.00012487143305485842,8.272528473181358e-05,5.298150023314994e-05,4.6745729783965566e-05,5.857715853819438e-05,5.594819765262222e-05,5.355920613062773e-05,3.7598046586720546e-05,4.489612409729843e-05,7.237041000001759e-05,9.024786235006913e-05,0.00011037949544826021,0.00013919542503615728,0.00014473898417067925,0.00016196769433627492,0.00012741069917799821,0.00010793607487247589,9.713814054387537e-05,8.979158750507883e-05,6.995448370328979e-05,5.052425986247004e-05,3.7400244766850534e-05,3.2017611078062536e-05,4.761097747313808e-05,3.520670736492493e-05,3.264634528686308e-05,9.708536514184591e-05,0.0002220979193444513,0.00035640063412981614,0.00035400380519355726,0.0003313841998170642,0.00037788992434681297,0.00031404062853982665,0.00023287825968822112,0.00016010404455547584,9.139787054083266e-05,8.480937870562257e-05,6.684963042445477e-05
13,4.110403823108089e-05,6.233625995742063e-05,0.00010651572179717375,0.00016197535727410165,0.00024648068594256337,0.00035518192773483935,0.0004418685586288411,0.0005137005137673912,0.0005462260796779313,0.0006570519032734648,0.0007529438880340063,0.0008609690528324416,0.0,0.0008812194630280453,0.00064357449134581,0.0005466797725798861,0.00047315675008110836,0.00037321940106247885,2.3770932120228e-05,3.824239689078784e-05,6.018822575403818e-05,0.00010853341683108333,0.0001575279340388357,0.00022237508085638203,0.00023777635147679557,0.00021117695260986663,0.00019224965742538005,0.00015295054702543561,0.00012273633014740973,6.10658983273226e-05,3.391159575535557e-05,3.6203316100656865e-05,4.131274932065103e-05,4.76380266152313e-05,5.0179104217107914e-05,4.2139798598629396e-05,7.113771431897461e-05,6.73679708095613e-05,7.01301501432745e-05,0.00010028950123329336,0.0001183835680860288,0.00011393232696626603,9.937788563763919e-05,6.964566923598122e-05,4.420419861143134e-05,5.9000449199037915e-05,8.634490001858272e-05,0.00011849655884737023,0.00015828428801267417,0.00022801390504205608,0.00021779154509661688,0.0001754227062796996,0.00012681031936461024,8.400976524199056e-05,5.380414719858548e-05,4.7471553563674025e-05,5.9486689629296464e-05,5.6816908708707415e-05,5.439082317054934e-05,3.8181833734965865e-05,4.559322893740168e-05,7.349410974260418e-05,9.16491463788833e-05,0.00011209336456440885,0.0001413567208376087,0.00014698635515081868,0.00016448257654342235,0.00012938901282675405,0.00010961200484924367,9.864641033983845e-05,9.118578692671912e-05,7.104067121183291e-05,5.130875310773175e-05,3.798096063424957e-05,3.2514750465923496e-05,4.835023600616072e-05,3.575336404412955e-05,3.315324706889293e-05,9.859281549094283e-05,0.00022554644719991477,0.00036193448837811,0.00035950044373368116,0.0003365296223734874,0.0003837574441068152,0.0003189167564137994,0.00023649417454162043,0.00016258998975951728,9.281701081652918e-05,8.612621906925199e-05,6.7887608687946e-05
14,3.173055496568978e-05,4.8120919696858885e-05,8.222556981371476e-05,0.00012503803028255333,0.0001902725204106001,0.0002741852179450352,0.00034110357985655897,0.0003965547690560975,0.00042166311123679746,0.0005072158948208898,0.0005812403951901186,0.0006646311902756143,0.0008812194630280453,0.0,0.0006486402001881695,0.0005509828029130273,0.00047688106539338197,0.0003761570886892037,1.8350140294883152e-05,2.9521490558689513e-05,4.646272939994859e-05,8.378314386075951e-05,0.00012160481025125273,0.0001716640269368392,0.00018355314744648705,0.00016301955210832413,0.00014840849183179244,0.00011807126375610324,9.474718391743329e-05,4.714025499176312e-05,2.6178297787683475e-05,2.7947407624866988e-05,3.1891670977268094e-05,3.677451381963255e-05,3.8736116766407276e-05,3.253011755584253e-05,5.491526505599989e-05,5.2005184714026505e-05,5.413746871689622e-05,7.74191945198798e-05,9.138703825328343e-05,8.79508709788629e-05,7.671546637027883e-05,5.376347023109605e-05,3.412374584387413e-05,4.5545816831565106e-05,6.665456032918304e-05,9.147426227597446e-05,0.00012218868308645875,0.00017601695741436337,0.00016812573387315523,0.0001354188070900811,9.789212889970663e-05,6.485193641266175e-05,4.153449450559948e-05,3.6646003762225355e-05,4.59211735936458e-05,4.386021720364701e-05,4.198738319918221e-05,2.9474738399354193e-05,3.5196017693647864e-05,5.673430128037358e-05,7.074921107227748e-05,8.653127085967451e-05,0.00010912132708449604,0.0001134671633745414,0.00012697349604844638,9.988276967763263e-05,8.461576756072708e-05,7.615079880617172e-05,7.039151744414509e-05,5.484035193851275e-05,3.960815727041708e-05,2.9319672979076646e-05,2.5099993121224344e-05,3.732430892976065e-05,2.760006393125468e-05,2.5592885119865197e-05,7.610942588098128e-05,0.00017411218576527545,0.00027939790521060024,0.0002775189271173823,0.00025978643802034934,0.000296244291260813,0.00024619006074239573,0.00018256336183251423,0.0001255125002057404,7.16507523398986e-05,6.648574801337896e-05,5.240632287397189e-05
15,2.3173541471716402e-05,3.514379529315153e-05,6.0051192113532234e-05,9.131809964961614e-05,0.0001389603222329646,0.00020024366185373305,0.0002491156540597576,0.00028961291085091576,0.0003079501006491922,0.00037043123218157426,0.0004244929979176064,0.0004853951803837721,0.00064357449134581,0.0006486402001881695,0.0,0.0005253692470091007,0.0004547122794287399,0.0003586706615832019,1.3401522210850022e-05,2.1560211805573884e-05,3.39327814405732e-05,6.118872364468539e-05,8.881074146243976e-05,0.00012537011885623058,0.0001340530122846774,0.00011905686350483783,0.00010838607594281527,8.623011259111599e-05,6.919600990947409e-05,3.442759369384265e-05,1.9118602561404563e-05,2.0410623461269793e-05,2.3291208136547976e-05,2.6857258627305495e-05,2.828986159587248e-05,2.375748010317661e-05,4.010585927606854e-05,3.7980561828114467e-05,3.9537817029714586e-05,5.654098760180047e-05,6.67420195842692e-05,6.423250895882814e-05,5.60270390283442e-05,3.9264677482347046e-05,2.492134286142754e-05,3.326313946764369e-05,4.867933194794559e-05,6.680572125949504e-05,8.923715699079992e-05,0.00012854916236976124,0.0001227860234586232,9.889941558052228e-05,7.149283431269621e-05,4.7362834958448144e-05,3.0333580108291162e-05,2.6763404827771302e-05,3.353727099487892e-05,3.2032107961119246e-05,3.066433495749436e-05,2.152606764690975e-05,2.5704447229017532e-05,4.1434342544944825e-05,5.1669747933732644e-05,6.319574290570248e-05,7.969377155160414e-05,8.286763401967479e-05,9.273161404422752e-05,7.294664426567178e-05,6.179680755189711e-05,5.5614649543548905e-05,5.1408516192445504e-05,4.0051148533166594e-05,2.892673248598263e-05,2.141281986566179e-05,1.833109229143432e-05,2.725878642280976e-05,2.0156950511093928e-05,1.869106245848408e-05,5.558443396116329e-05,0.00012715806458240718,0.00020405060518196273,0.00020267834501145162,0.00018972790743066598,0.00021635390167977947,0.00017979816579657065,0.00013333014947946307,9.166461575858257e-05,5.232816389829023e-05,4.855604449818456e-05,3.827352209292654e-05
16,1.9684599921194438e-05,2.985264686031629e-05,5.101005787088765e-05,7.756951001038852e-05,0.00011803885700486189,0.0001700955538089244,0.00021160951985945193,0.0002460096264988614,0.0002615860219021552,0.0003146601745231343,0.00036058255677299373,0.00041231548234404845,0.0005466797725798861,0.0005509828029130273,0.0005253692470091007,0.0,0.0005042927531108919,0.00039777904308441637,1.1383827688899404e-05,1.831416851528393e-05,2.8823959759722548e-05,5.1976325936380504e-05,7.543965243838391e-05,0.00010649475544208676,0.00011387037748526705,0.00010113200560325941,9.206778103236934e-05,7.324755560505819e-05,5.877805828140071e-05,2.9244274507625964e-05,1.624016091510666e-05,1.7337658875645402e-05,1.9784551032426088e-05,2.2813707249011123e-05,2.4030621647553758e-05,2.018062243690932e-05,3.406763680504723e-05,3.226231800957643e-05,3.3585117360556546e-05,4.8028339623836576e-05,5.669353366003033e-05,5.4561847714656604e-05,4.759176966490721e-05,3.335310091545909e-05,2.1169257375911182e-05,2.8255137150384003e-05,4.1350312165098426e-05,5.674764459480743e-05,7.580186807496235e-05,0.00010919517133545795,0.00010429971399267409,8.400940488611171e-05,6.072907942859333e-05,4.023202316437131e-05,2.5766643796675906e-05,2.273398380677553e-05,2.8487996225722044e-05,2.720944619607325e-05,2.6047601149979307e-05,1.8285165002645626e-05,2.1834459809098326e-05,3.519610746550918e-05,4.389049974713063e-05,5.3681174167518234e-05,6.769530721573398e-05,7.03913221069028e-05,7.877020975560161e-05,6.19640079491521e-05,5.249285848478656e-05,4.7241468351238316e-05,4.366859830318299e-05,3.402116315376132e-05,2.4571607093760777e-05,1.81889674806333e-05,1.5571215919491024e-05,2.3154782177993706e-05,1.7122178193025714e-05,1.587699001666942e-05,4.721580193976761e-05,0.0001080135132177833,0.00017332933473232468,0.0001721636780942458,0.00016116302103484455,0.00018378028240326853,0.00015272827265481987,0.0001132563468186154,7.786385565365497e-05,4.444978650353176e-05,4.124558651810086e-05,3.251117102208086e-05
17,1.7037215921498474e-05,2.5837761113947533e-05,4.414970960007765e-05,6.713717811195604e-05,0.00010216379819604107,0.00014721938414451982,0.0001831501323533804,0.0002129237648825921,0.00022640528916182412,0.000272341493182948,0.0003120877692135847,0.0003568631279576494,0.00047315675008110836,0.00047688106539338197,0.0004547122794287399,0.0005042927531108919,0.0,0.00044949596295324796,9.852815456009714e-06,1.5851093985488955e-05,2.4947422254197292e-05,4.498602416759523e-05,6.529376531811963e-05,9.217226411700993e-05,9.855593794366102e-05,8.753075109145394e-05,7.968557507601805e-05,6.339648382803501e-05,5.0872990784456896e-05,2.5311208825612976e-05,1.4056019894650896e-05,1.500591523425443e-05,1.712372459683172e-05,1.974548926202777e-05,2.0798740709806922e-05,1.7466528314739465e-05,2.9485876599292296e-05,2.792335532638298e-05,2.9068251247747417e-05,4.156900296669646e-05,4.906881410775805e-05,4.7223818838687216e-05,4.119114734936635e-05,2.8867438719766713e-05,1.8322201632497715e-05,2.445510065989877e-05,3.5789104152409874e-05,4.9115647656989555e-05,6.560726653405673e-05,9.450950078107214e-05,9.027243403257848e-05,7.271097082040292e-05,5.2561618883844414e-05,3.48212139618904e-05,2.2301285049925933e-05,1.9676487834271527e-05,2.4656642492686707e-05,2.3550044796580565e-05,2.254445641800687e-05,1.5825991158442486e-05,1.8897940917577775e-05,3.0462579117013554e-05,3.798766162827682e-05,4.6461587173374404e-05,5.859095793279656e-05,6.092438548592467e-05,6.817639561690811e-05,5.363046173239645e-05,4.543308819698405e-05,4.088795809774556e-05,3.779560373383327e-05,2.944565319445866e-05,2.1266968964092813e-05,1.5742731251703283e-05,1.3477041384773319e-05,2.0040692986449387e-05,1.4819414572244498e-05,1.3741691890127019e-05,4.08657435647651e-05,9.3486763993085e-05,0.00015001825351729648,0.0001490093661681614,0.00013948818868171522,0.00015906365209115522,0.00013218783053528104,9.802448832862963e-05,6.73919371774163e-05,3.8471729847544066e-05,3.569846306914889e-05,2.8138740069975772e-05
18,1.3438716706258124e-05,2.038046318918599e-05,3.482467104442404e-05,5.295686344889713e-05,8.058536957669583e-05,0.0001161245831656972,0.00014446625286382357,0.00016795127616340007,0.0001785853132262587,0.00021481914598656235,0.0002461704504582313,0.00028148862476294715,0.00037321940106247885,0.0003761570886892037,0.0003586706615832019,0.00039777904308441637,0.00044949596295324796,0.0,7.771762492325693e-06,1.2503120376989534e-05,1.967817639750084e-05,3.548434423292918e-05,5.1502805319728305e-05,7.27041877822226e-05,7.773954006611693e-05,6.904302747726074e-05,6.28548627872108e-05,5.0006256319307354e-05,4.0127900843805575e-05,1.9965126137254233e-05,1.108719113804174e-05,1.183645524482686e-05,1.3506953534727857e-05,1.5574964691503086e-05,1.640575464523605e-05,1.37773522942459e-05,2.3258045462320076e-05,2.202555062097493e-05,2.2928628448729184e-05,3.278904588666525e-05,3.87047916129365e-05,3.724948524952165e-05,3.249099868103231e-05,2.2770230346185045e-05,1.4452295393132543e-05,1.9289840036405455e-05,2.8229942855164613e-05,3.87417332589995e-05,5.175009067711643e-05,7.454776724664538e-05,7.120562848636464e-05,5.735339287796343e-05,4.1459866979262054e-05,2.7466484662635377e-05,1.759094052410792e-05,1.5520537334109947e-05,1.9448813404341662e-05,1.8575944678941353e-05,1.778275068497988e-05,1.2483319619473865e-05,1.4906430457482543e-05,2.4028454694815766e-05,2.9964134123077072e-05,3.664824761410774e-05,4.621572496557799e-05,4.805629985677816e-05,5.377658362557298e-05,4.230295521101215e-05,3.5836982062266856e-05,3.225184725631081e-05,2.9812641552546787e-05,2.3226317805347767e-05,1.677508651801427e-05,1.2417645374056469e-05,1.06305010186521e-05,1.580781724449142e-05,1.1689346141213371e-05,1.0839253621424984e-05,3.2234324744601046e-05,7.374104682811242e-05,0.00011833229202915688,0.0001175364958535361,0.00011002632473520828,0.00012546717542145393,0.00010426790473066073,7.732034007164809e-05,5.315781382276376e-05,3.0345960337830063e-05,2.8158446441342936e-05,2.2195443082591335e-05
19,1.4075516769923343e-05,2.1346201253323958e-05,2.7937124970875584e-05,3.2539065831383986e-05,3.792513768052453e-05,4.185846231538714e-05,3.988537216124233e-05,3.551556162018953e-05,3.3050283374649e-05,3.0450229592361993e-05,2.672647263854104e-05,2.3407482717301784e-05,2.3770932120228e-05,1.8350140294883152e-05,1.3401522210850022e-05,1.1383827688899404e-05,9.852815456009714e-06,7.771762492325693e-06,0.0,4.968030704577785e-05,5.9887867140715127e-05,8.271398005219076e-05,9.195199553206896e-05,9.942093394750234e-05,8.142326561413409e-05,7.231466458772123e-05,6.583327073340442e-05,5.2375826859697207e-05,4.202938075223964e-05,2.0911183255146084e-05,1.1612563030083007e-05,1.2397331377439003e-05,1.414698703337527e-05,1.631299189483821e-05,1.718314923066527e-05,1.8840142145878153e-05,3.180472366438754e-05,3.011932159952911e-05,3.135425515427221e-05,3.434277061831518e-05,4.0538836805048435e-05,4.1704199618947754e-05,3.637663945517583e-05,2.5493351797094095e-05,2.1125558852309425e-05,3.4439663506299186e-05,5.040112986416933e-05,6.053455985507712e-05,6.19332107927077e-05,6.833375075860067e-05,6.527019989073803e-05,5.257263361243345e-05,3.800393118779986e-05,2.517698365051856e-05,1.6124627065042656e-05,1.422680475888231e-05,1.7827634774435446e-05,1.7027525044399682e-05,1.63004486652071e-05,1.1442757885622156e-05,3.0409540830209182e-05,4.901872894473181e-05,6.112768329457341e-05,5.7263456024248735e-05,5.53098206936405e-05,4.405051067363024e-05,3.775565120375228e-05,2.9700206189286582e-05,2.5160553231846513e-05,2.2643489295718373e-05,2.0930963256378773e-05,1.6306814131442847e-05,1.177751119142734e-05,8.718223730594391e-06,7.463499194666172e-06,4.210367187210003e-05,3.113424116163488e-05,2.8870043900209083e-05,1.733386747683489e-05,3.965392616253475e-05,6.363267369536199e-05,6.320473777438098e-05,5.916617602615476e-05,5.1676745428155974e-05,4.294530382942078e-05,3.184628582638656e-05,2.1894354465291907e-05,1.249873093805868e-05,1.1597749479206223e-05,9.141739725879501e-06
20,1.734408444023861e-05,2.6303142049255952e-05,3.442458720576009e-05,4.5813982138576e-05,5.33974020428934e-05,5.8935399522618585e-05,5.61573505906605e-05,5.000479467174833e-05,5.3170908392388736e-05,4.898797235198832e-05,4.299723582417369e-05,3.7657683752652366e-05,3.824239689078784e-05,2.9521490558689513e-05,2.1560211805573884e-05,1.831416851528393e-05,1.5851093985488955e-05,1.2503120376989534e-05,4.968030704577785e-05,0.0,9.63468984957933e-05,0.0001330692813211503,0.00014793129231331138,0.00015994723286588222,0.00013099279506629158,0.00011633898452953516,0.00010591179408834189,8.426161616722144e-05,6.761637497729605e-05,3.364166644600317e-05,1.868215525035393e-05,1.994468136649967e-05,2.2759506871789312e-05,2.624415009741e-05,2.764404901705782e-05,3.030979979150355e-05,5.116706653418664e-05,4.8455611452876554e-05,5.0442358076667935e-05,5.525024671612664e-05,6.521840535105909e-05,6.276618286480128e-05,5.4748030771777696e-05,3.836832729925177e-05,3.1794656225526454e-05,5.5406126858286745e-05,8.108474679331238e-05,9.738729015245734e-05,9.963742338232026e-05,0.00010993453703579532,0.00010500593231843022,8.457823656354668e-05,6.11402789147375e-05,4.05044361073533e-05,2.5941110967733738e-05,2.2887916692755598e-05,2.8680889803551885e-05,2.7393682650822223e-05,2.6223970696643585e-05,1.8408974724839593e-05,3.7471138898078566e-05,6.040168811331161e-05,7.532254183112444e-05,7.056097711074444e-05,6.815367536166007e-05,5.427976743217195e-05,4.652313753576257e-05,3.65970850278266e-05,3.1003249610610286e-05,2.7901681820007344e-05,2.5791478925298617e-05,2.009352593372394e-05,1.4512443979069874e-05,1.0742739398060816e-05,9.19664708357617e-06,5.1880840478568034e-05,3.836412662617209e-05,3.557414533216808e-05,2.788652276438712e-05,6.379477148459018e-05,0.0001023714993746189,0.00010168304108231428,9.518585029221499e-05,8.313694215659522e-05,6.908990128505015e-05,5.123393125311172e-05,3.5223380761614625e-05,2.010781179075718e-05,1.865832338338604e-05,1.4707123687920942e-05
21,2.3889765411327463e-05,3.6229983502600095e-05,4.741647306671435e-05,7.21048502143527e-05,8.404010078173207e-05,9.27561402989959e-05,8.838387679391378e-05,7.870060757652237e-05,8.368363120668526e-05,7.710027035110639e-05,6.767168239939442e-05,5.9267968416090625e-05,6.018822575403818e-05,4.646272939994859e-05,3.39327814405732e-05,2.8823959759722548e-05,2.4947422254197292e-05,1.967817639750084e-05,5.9887867140715127e-05,9.63468984957933e-05,0.0,0.00020943258258517618,0.00023282332546433572,0.0002517347484248419,0.0002061644813769933,0.000183101417122366,0.00016669046636404492,0.00013261609074232786,0.00010641879099328993,5.2947314483885005e-05,2.940311981467767e-05,3.139016071893788e-05,3.582030544690624e-05,4.130465031511351e-05,4.3507896948665754e-05,4.7703418737599215e-05,8.052986219787314e-05,7.626240817238716e-05,7.938927165456692e-05,8.695622117549831e-05,0.0001026447195712645,9.878526167631317e-05,8.61658029723173e-05,6.038642274141767e-05,5.004037670910218e-05,8.720155488754824e-05,0.0001276161392064975,0.00015327408012655468,0.00015681547757615533,0.00017302170552154964,0.00016526476564593617,0.00013311440730827894,9.622631448792723e-05,6.374836157449784e-05,4.082770877817612e-05,3.602240468549283e-05,4.513974046272991e-05,4.3113855031909314e-05,4.127289073863145e-05,2.8973171577169988e-05,4.517014328980737e-05,7.281211586457661e-05,9.07986815324384e-05,8.505878231858543e-05,8.215686451876322e-05,6.54323552672788e-05,5.608201006373917e-05,4.4116502014860254e-05,3.737332967567585e-05,3.363449852069939e-05,3.109072296629671e-05,2.4222040544124264e-05,1.749424205661127e-05,1.2949995441967966e-05,1.1086235400553198e-05,6.254053298958372e-05,4.624660866609975e-05,4.2883384100953e-05,4.388951697853369e-05,0.00010040411742514835,0.00016111853377640117,0.00016003499596265467,0.0001498093192834883,0.0001308460099222217,0.00010873791691834362,8.063509798654862e-05,5.5436713319901725e-05,3.1646905368877127e-05,2.9365611763252446e-05,2.3146971756218074e-05
22,3.299529059936498e-05,5.003895239221038e-05,6.548914487420529e-05,9.958743610425654e-05,0.00011607177799989492,0.00012810991449039837,0.00012207117352985386,0.0001419155613901634,0.0001509011158562762,0.00013902977991080622,0.00012202783553594595,0.0001068739780953498,0.00010853341683108333,8.378314386075951e-05,6.118872364468539e-05,5.1976325936380504e-05,4.498602416759523e-05,3.548434423292918e-05,8.271398005219076e-05,0.0001330692813211503,0.00020943258258517618,0.0,0.0004198347885163296,0.00045393649736930785,0.0003717626713984352,0.0003301745844463691,0.00030058181049543163,0.00023913775949908537,0.00019189791453122796,9.54763640391974e-05,5.302068667087416e-05,5.660378512610678e-05,6.4592369909242e-05,7.44819235581401e-05,7.8454891398033e-05,6.58854591801041e-05,0.00011122362063403768,0.00010532963702783716,0.00010964829681719381,0.00012009937049226109,0.00014176750137271467,0.00013643702061631716,0.0001190076863396566,8.340255889094828e-05,6.911314292084444e-05,0.00012043821254380631,0.0001762567160366865,0.00021169411788062457,0.0002165853102370811,0.00023896850200857877,0.00022825502362354988,0.00018385063546987935,0.0001329027370159772,8.804589242163976e-05,5.6389089321212846e-05,4.975225542073326e-05,6.234464125133186e-05,5.954659458322811e-05,5.700395128833178e-05,4.001622449254789e-05,6.23866320409939e-05,0.00010056427431335093,0.0001254063751409406,0.00011747872749303423,0.0001134707508782784,9.037173615865943e-05,0.00010112895169641112,7.955234835921223e-05,6.739283501447088e-05,6.065084993150181e-05,5.606382897994664e-05,4.367799166597729e-05,3.1546200963511036e-05,2.3351863851368622e-05,1.9991069561226014e-05,8.637770294939969e-05,6.387338954151256e-05,5.922828022514721e-05,7.914304136846087e-05,0.00018105205447644453,0.00029053431574852325,0.00028858044421105393,0.0002701411628483634,0.00023594589070636892,0.00019607983977581347,0.00014540389904087119,9.99653310779058e-05,5.706675564503984e-05,5.295305090110597e-05,4.173939175846827e-05
23,3.6680411362840324e-05,5.562761608007126e-05,7.280338285102805e-05,0.00011070998486508278,0.00012903540133495184,0.00014241803232539334,0.0001771769500427894,0.00020597955769279227,0.00021902140114127752,0.00020179106710801524,0.00017711404826705038,0.00015511938593138077,0.0001575279340388357,0.00012160481025125273,8.881074146243976e-05,7.543965243838391e-05,6.529376531811963e-05,5.1502805319728305e-05,9.195199553206896e-05,0.00014793129231331138,0.00023282332546433572,0.0004198347885163296,0.0,0.0006588540258223315,0.0005395850171131989,0.0004792230971675423,0.0004362714544469902,0.00034709012490776174,0.00027852511148260397,0.00013857662290354736,7.695546198073078e-05,8.215605469761729e-05,9.375087308189362e-05,0.00010810480204095113,0.00011387126028113645,7.324396002144482e-05,0.0001236457713816745,0.00011709351076162612,0.00012189450553185577,0.00013351282058898084,0.0001576009840729599,0.0001516751618312207,0.00013229921031101597,9.271747916935684e-05,7.683213170318734e-05,0.00013388950664362486,0.00019594217029909782,0.00023533744318967638,0.00024077491455090934,0.0002656580014059673,0.0002537479746369556,0.00020438422622907773,0.0001477461472967676,9.7879409278374e-05,6.268697608372757e-05,5.530889899471654e-05,6.930768136382373e-05,6.619713131458592e-05,6.337050968732983e-05,4.4485487138054536e-05,6.935436194793969e-05,0.00011179592248507793,0.00013941254476421868,0.000130599487761761,0.00012614387520944363,0.00013116764687075844,0.0001467809205439703,0.00011546413492600427,9.781553349022798e-05,8.803005900273723e-05,8.137234974609475e-05,6.339525641964632e-05,4.578689227383296e-05,3.389344015758239e-05,2.901550489383182e-05,9.602490595497844e-05,7.100716984037455e-05,6.584326561481449e-05,0.00011487005720760839,0.00026278317708867033,0.00042168828609240056,0.00041885239134531227,0.0003920891880569996,0.00034245737205319896,0.00028459485537641027,0.0002110426123665534,0.00014509201442279457,8.282802091316469e-05,7.685729384606964e-05,6.058152727267715e-05
24,3.96598326569249e-05,6.014605242607228e-05,7.871694655133843e-05,0.000119702569029746,0.0001395164948708215,0.00020104511397933051,0.0002501127106887541,0.0002907720530722135,0.0003091826353544531,0.0002848593497911157,0.0002500239150884606,0.00021897504210509794,0.00022237508085638203,0.0001716640269368392,0.00012537011885623058,0.00010649475544208676,9.217226411700993e-05,7.27041877822226e-05,9.942093394750234e-05,0.00015994723286588222,0.0002517347484248419,0.00045393649736930785,0.0006588540258223315,0.0,0.0007617078364009931,0.0006764976359977259,0.0006158647388472911,0.0004899714775145014,0.0003931813399597268,0.00019562236952452874,0.00010863455541850972,0.00011597599763937728,0.000132343879891187,0.00015260667412100447,0.00016074692318375177,7.919331026161276e-05,0.00013368908416063868,0.00012660460636825123,0.0001317955691219289,0.00014435759920286228,0.0001704023598064763,0.00016399520378695173,0.00014304541161426918,0.0001002485951385436,8.307293655681814e-05,0.00014476488214589152,0.00021185786624981727,0.00025445307912403986,0.00026033221723211977,0.0003750174208990309,0.00035820457318462036,0.0002885199955853885,0.00020856657361631995,0.0001381719482659331,8.84923773063915e-05,7.807707858972733e-05,9.783852839363102e-05,9.3447505157482e-05,8.945729087106527e-05,6.279815614684321e-05,7.498777376498048e-05,0.00012087671355770236,0.00015073653730138608,0.00014120762655783035,0.00017807162025194762,0.00018516345216230233,0.00020720400653570856,0.0001629955124901997,0.00013808177769624718,0.00012426806463226856,0.00011486967670001039,8.949222471713767e-05,6.463529109094964e-05,4.784584106641812e-05,4.0959879822101234e-05,0.00010382467261339082,7.67748334514053e-05,7.119148337890382e-05,0.00016215687976471317,0.00037095916104875443,0.0005952783377002118,0.0005912750329686937,0.0005534946257569346,0.0004834316292208835,0.00040174972370320914,0.00029791933903979527,0.0002048198539246377,0.00011692458204395831,0.00010849597588964084,8.552021016376346e-05
25,3.2480413937190054e-05,4.9258117057275414e-05,6.446721623805713e-05,9.803341897743341e-05,0.0001491791391079462,0.0002149691120972099,0.0002674350362303038,0.0003109103665063101,0.0003305960303260862,0.00030458816076216785,0.000267340090817429,0.00023414083257761552,0.00023777635147679557,0.00018355314744648705,0.0001340530122846774,0.00011387037748526705,9.855593794366102e-05,7.773954006611693e-05,8.142326561413409e-05,0.00013099279506629158,0.0002061644813769933,0.0003717626713984352,0.0005395850171131989,0.0007617078364009931,0.0,0.0007233505618109374,0.000658518346760685,0.000523905960157178,0.0004204123237385587,0.00020917079878580736,0.00011615837589464181,0.00012400827229100547,0.00014150976260300064,0.0001631759190092695,0.0001718799460738061,6.485734623755082e-05,0.00010948802608382131,0.00010368601543954805,0.00010793728448625562,0.00011822527385952662,0.00013955528330808375,0.0001343079823052143,0.000117150624946874,8.210109948996801e-05,6.803466342594987e-05,0.00011855882843333381,0.00017350630929710684,0.0002083907264318298,0.00027836232615153415,0.00040099040656088066,0.0003830131333337182,0.0003085023358471595,0.0002230114935698821,0.000147741471789874,9.462118924651928e-05,8.348454696244618e-05,0.00010461463679161512,9.991949972715395e-05,9.565293086979394e-05,6.714743572239579e-05,6.1413116721501e-05,9.899501406584464e-05,0.00012344946508877492,0.0001509873953246734,0.00019040451835705035,0.00019798751691263005,0.00022155455771257973,0.00017428426835307365,0.0001476450561798698,0.0001328746319036827,0.00012282532969009897,9.56902841668907e-05,6.911180710113974e-05,5.115955204287914e-05,4.379668235991441e-05,8.502981776417936e-05,6.287667404025354e-05,5.8304049564506446e-05,0.00017338755353715407,0.00039665107943471443,0.0006365061710441462,0.0006322256051226213,0.0005918285995340258,0.000516913174542532,0.00042957413726879903,0.00031855265976051905,0.00021900528327480927,0.0001250225538279495,0.00011601019861399993,9.144317552109774e-05
26,2.8846917669321765e-05,4.374774441128835e-05,5.7255442704203476e-05,8.70666849121074e-05,0.00013249087133399739,0.00019092109756073798,0.00023751780032564047,0.00027612966270965247,0.0002936131444341515,0.00027051470506340877,0.00023743347619992043,0.00020794812940051004,0.00021117695260986663,0.00016301955210832413,0.00011905686350483783,0.00010113200560325941,8.753075109145394e-05,6.904302747726074e-05,7.231466458772123e-05,0.00011633898452953516,0.000183101417122366,0.0003301745844463691,0.0004792230971675423,0.0006764976359977259,0.0007233505618109374,0.0,0.0007635853732534819,0.0006074954936399445,0.00048748938085233716,0.00024254413449566976,0.00013469151960660865,0.00014379387203050677,0.00016408773639755935,0.00018921074201741858,0.00019930350220789196,5.760192991331015e-05,9.723989602854754e-05,9.208694065995107e-05,9.586263170926037e-05,0.00010499973147059674,0.0001239436103151905,0.00011928331071714229,0.00010404530063216396,7.291667101681015e-05,6.042380920094211e-05,0.00010529597219423556,0.00015409662663414079,0.0001850786181498157,0.00024722268380760913,0.00035613269173903584,0.0003401664875611674,0.00027399101194294583,0.00019806379951817254,0.00013121403197965598,8.403617211424593e-05,7.414535595338709e-05,9.29116796469866e-05,8.874177489741648e-05,8.495249558599018e-05,5.9635833266649556e-05,5.454299705993372e-05,8.792070895257262e-05,0.00010963950652304352,0.0001340968428068314,0.00016910447864162509,0.0001758391876093864,0.00019676984714409393,0.00015478755750962086,0.00013112840212379248,0.0001180103053575361,0.00010908519146736315,8.498567027052813e-05,6.138045571955854e-05,4.5436470995541454e-05,3.8897265677371694e-05,7.551776148001011e-05,5.5842830170436265e-05,5.178173285684662e-05,0.00015399115576062485,0.0003522787934300168,0.0005653019431227789,0.0005615002325609885,0.0005256223309876023,0.00045908749245164907,0.000381518837617838,0.0002829170332380974,0.00019450575315917496,0.0001110366180695053,0.00010303245071602796,8.12136742093088e-05
27,2.626143606660863e-05,3.982673664081615e-05,5.21237716028454e-05,7.926310206038125e-05,0.0001206160251445973,0.00017380928717698773,0.00021622963671320993,0.00025138080839242185,0.0002672972866377888,0.0002462691062364455,0.0002161528703611908,0.00018931022607070614,0.00019224965742538005,0.00014840849183179244,0.00010838607594281527,9.206778103236934e-05,7.968557507601805e-05,6.28548627872108e-05,6.583327073340442e-05,0.00010591179408834189,0.00016669046636404492,0.00030058181049543163,0.0004362714544469902,0.0006158647388472911,0.000658518346760685,0.0007635853732534819,0.0,0.000722061149902058,0.0005794234633646606,0.0002882847667010699,0.0001600925678419034,0.00017091150415801226,0.00019503252430423787,0.00022489339819842843,0.00023688952015343042,5.243920397569575e-05,8.852451211427511e-05,8.383340405490701e-05,8.727068876710182e-05,9.558885169761648e-05,0.00011283483509292231,0.00010859222722235804,9.471996425768876e-05,6.638132073758287e-05,5.5008164838320076e-05,9.585854105969485e-05,0.00014028530724917812,0.00016849045549870463,0.00022506469424057448,0.0003242133534869905,0.000309678162758817,0.000249433839880136,0.00018031180550314826,0.00011945362590819545,7.650420701993415e-05,6.749988152379245e-05,8.458422362003186e-05,8.078805765734592e-05,7.733840256711166e-05,5.429081333970719e-05,4.9654436102682194e-05,8.004058192825207e-05,9.981277458948438e-05,0.00012207805715932035,0.0001539480406652623,0.00016007913345692548,0.00017913382704684894,0.0001409143116100899,0.00011937567085556449,0.00010743331834873161,9.930814149272236e-05,7.736860388244836e-05,5.5879069372210936e-05,4.136410662033078e-05,3.541099494448011e-05,6.874928156049726e-05,5.0837768218786444e-05,4.7140657536679455e-05,0.00014018928948279216,0.0003207048710484266,0.0005146352552403401,0.0005111742830835686,0.00047851203371695485,0.00041794055677637734,0.00034732419862531735,0.00025755984281254304,0.00017707265849791325,0.00010108466630338994,9.379789370503619e-05,7.39346829852234e-05
28,2.0893150426654665e-05,3.168547209409285e-05,4.146878328133546e-05,6.306037150559711e-05,9.596005149221339e-05,0.00013827970311021092,0.00017202860936817757,0.0001999942817595953,0.00021265716026325259,0.00019592749874703706,0.00017196753536840187,0.00015061198559618787,0.00015295054702543561,0.00011807126375610324,8.623011259111599e-05,7.324755560505819e-05,6.339648382803501e-05,5.0006256319307354e-05,5.2375826859697207e-05,8.426161616722144e-05,0.00013261609074232786,0.00023913775949908537,0.00034709012490776174,0.0004899714775145014,0.000523905960157178,0.0006074954936399445,0.000722061149902058,0.0,0.0006018571156863288,0.00029944634477774995,0.0001662909033138449,0.00017752871851759228,0.00020258363695033551,0.0002336006401788017,0.00024606121834961535,4.171973589484385e-05,7.042859131384177e-05,6.669642578780292e-05,6.943107085325083e-05,7.60488593450859e-05,8.976946946022977e-05,8.639412303148986e-05,7.535758732400543e-05,5.281184609145536e-05,4.376355732208272e-05,7.626341959975289e-05,0.00011160859671087488,0.00013404813138402784,0.0001790576303813157,0.00025793861187000283,0.00024637466214563937,0.00019844530683301584,0.0001434529957357918,9.503526649415107e-05,6.08654416873948e-05,5.370175396657532e-05,6.729376502232314e-05,6.427360015769902e-05,6.152911343056297e-05,4.31928447102023e-05,3.950422209252875e-05,6.367892122206805e-05,7.94093403236032e-05,9.712321921597062e-05,0.00012247843428478,0.00012735622709287675,0.00014251581617621265,0.00011210902184749799,9.497324678445182e-05,8.54721149064944e-05,7.900786284254788e-05,6.155314108170938e-05,4.445643410870193e-05,3.290857741712061e-05,2.8172383347811107e-05,5.469575531683402e-05,4.044566093249735e-05,3.750430275888744e-05,0.00011153220661432248,0.0002551473231083271,0.00040943502767039634,0.00040668153727823014,0.00038069600900937607,0.00033250637550744994,0.00027632520591373594,0.00020491021610924873,0.0001408759856491091,8.042123566845957e-05,7.46240037259228e-05,5.8821172210053595e-05
29,1.6765867520296816e-05,2.5426248153073845e-05,3.3276940649208364e-05,5.0603274894088154e-05,7.700387340852136e-05,0.00011096359982810796,0.0001380456664251168,0.0001604869330055922,0.00017064835620326775,0.00015722351203604042,0.0001379966571293302,0.00012085973373613689,0.00012273633014740973,9.474718391743329e-05,6.919600990947409e-05,5.877805828140071e-05,5.0872990784456896e-05,4.0127900843805575e-05,4.202938075223964e-05,6.761637497729605e-05,0.00010641879099328993,0.00019189791453122796,0.00027852511148260397,0.0003931813399597268,0.0004204123237385587,0.00048748938085233716,0.0005794234633646606,0.0006018571156863288,0.0,0.0003137277805183138,0.00017422178272290769,0.00018599556084119916,0.0002122454185805079,0.0002447417096553526,0.0002577965677348719,3.347831948322979e-05,5.6515958938513364e-05,5.35210543168744e-05,5.5715491055521574e-05,6.102598578062067e-05,7.203619375742598e-05,6.932762133518545e-05,6.047126928793045e-05,4.237926770210971e-05,3.511839953743334e-05,6.119816128940744e-05,8.956116757736737e-05,0.00010756794290155327,0.00014368615781569765,0.00020698480155796012,0.00019770522212016003,0.00015924394629076145,0.00011511494785523771,7.626177265082567e-05,4.8841936761884746e-05,4.309338104714625e-05,5.4000393730324695e-05,5.157683945652097e-05,4.937450520157425e-05,3.4660426859902504e-05,3.170046357636684e-05,5.109963482015459e-05,6.372262930922995e-05,7.793726619812768e-05,9.828375143904961e-05,0.00010219797338940109,0.0001143629009873518,8.996273753561291e-05,7.621200446291571e-05,6.85877489004094e-05,6.340046065001383e-05,4.939378637304521e-05,3.5674403786439585e-05,2.6407738325235348e-05,2.26071433601431e-05,4.389102499327764e-05,3.2455928336206925e-05,3.0095613091188995e-05,8.949986776319351e-05,0.0002047449106543152,0.00032855425304043284,0.0003263446937259806,0.0003054924088620987,0.00026682227081943144,0.0002217392638382601,0.00016443176192615646,0.00011304700650462785,6.453463242746832e-05,5.988259954835758e-05,4.7201497166467674e-05
30,8.341643913698304e-06,1.2650506029437854e-05,1.6556518122126636e-05,2.5177015118511426e-05,3.83122967643499e-05,5.520852625297399e-05,6.868286366652117e-05,7.98482301207224e-05,8.4903916852637e-05,7.822455656875487e-05,6.86584797154123e-05,6.013222167661477e-05,6.10658983273226e-05,4.714025499176312e-05,3.442759369384265e-05,2.9244274507625964e-05,2.5311208825612976e-05,1.9965126137254233e-05,2.0911183255146084e-05,3.364166644600317e-05,5.2947314483885005e-05,9.54763640391974e-05,0.00013857662290354736,0.00019562236952452874,0.00020917079878580736,0.00024254413449566976,0.0002882847667010699,0.00029944634477774995,0.0003137277805183138,0.0,0.00011317224520506539,0.00012082034111688682,0.00013787191348769645,0.00015898108918489784,0.00016746135827985082,1.665671159694259e-05,2.8118795781700604e-05,2.662871911975884e-05,2.7720533178457076e-05,3.0362702213177304e-05,3.584069100481512e-05,3.449307528296586e-05,3.0086710085154362e-05,2.108526505212634e-05,1.7472712545629726e-05,3.0448365945353427e-05,4.456001859259796e-05,5.3519060384291e-05,7.148921834047684e-05,0.00010298265258590342,9.836571598865928e-05,7.922979790705832e-05,5.727397660692842e-05,3.794307398113936e-05,2.4300683757031166e-05,2.144056305451741e-05,2.6867208341742898e-05,2.5661399770661304e-05,2.4565656403283188e-05,1.724485407105091e-05,1.5772162026992667e-05,2.5423972679834352e-05,3.1704382865884694e-05,3.877669446241614e-05,4.8899829132878106e-05,5.0847300426533866e-05,5.689980526323137e-05,4.47598146123427e-05,3.791831245291708e-05,3.412496117345192e-05,3.154409195149681e-05,2.4575249504651485e-05,1.7749345380411383e-05,1.3138833967795602e-05,1.124789633390257e-05,2.183742064393175e-05,1.61480338993133e-05,1.4973689101814589e-05,4.452951965055423e-05,0.00010186822338615467,0.00016346798529074256,0.0001623686471870004,0.00015199385835421687,0.0001327540235377374,0.00011032354743261257,8.181092952270499e-05,5.624509871794852e-05,3.2108384678553034e-05,2.9793824951453893e-05,2.3484503923191096e-05
31,4.632347416232e-06,7.025178672906521e-06,9.194296081002135e-06,1.398149838800331e-05,2.1275886475423197e-05,3.065883374882098e-05,3.814150895635215e-05,4.434194821994467e-05,4.714951200619118e-05,4.3440277031258506e-05,3.812796786851798e-05,3.3393099081888104e-05,3.391159575535557e-05,2.6178297787683475e-05,1.9118602561404563e-05,1.624016091510666e-05,1.4056019894650896e-05,1.108719113804174e-05,1.1612563030083007e-05,1.868215525035393e-05,2.940311981467767e-05,5.302068667087416e-05,7.695546198073078e-05,0.00010863455541850972,0.00011615837589464181,0.00013469151960660865,0.0001600925678419034,0.0001662909033138449,0.00017422178272290769,0.00011317224520506539,0.0,8.759945327611528e-05,9.996250740568405e-05,0.00011526748199100949,0.00012141600739232031,9.249936310792432e-06,1.5615151202152733e-05,1.4787670090953726e-05,1.5393984875682314e-05,1.6861254999876344e-05,1.9903334892955925e-05,1.915496631336088e-05,1.6707988876990426e-05,1.1709235505052872e-05,9.703084386327804e-06,1.6908826458514033e-05,2.4745420582590542e-05,2.972062625248396e-05,3.969995594323216e-05,5.718913796351741e-05,5.462522435866675e-05,4.399851557085052e-05,3.18058359116422e-05,2.107084677059827e-05,1.3494847152333822e-05,1.1906542390889356e-05,1.4920109804598519e-05,1.4250490689168818e-05,1.3641993849787785e-05,9.576548223084436e-06,8.758721274849956e-06,1.4118640806565987e-05,1.7606327670117196e-05,2.15337794637835e-05,2.7155438362202298e-05,2.8236923463782553e-05,3.159804813322159e-05,2.485637288233066e-05,2.1057096003666814e-05,1.895054228594763e-05,1.751731365671741e-05,1.3647321166417083e-05,9.856706311538655e-06,7.2963607908354205e-06,6.246270406584446e-06,1.2126928474011012e-05,8.967453404223098e-06,8.315306999420883e-06,2.4728483669814623e-05,5.6570264360491494e-05,9.07783294435181e-05,9.016783634681891e-05,8.44064268763696e-05,7.372201022865215e-05,6.126574152365517e-05,4.5431889914612744e-05,3.1234471336512395e-05,1.7830681139580686e-05,1.6545341597103287e-05,1.3041599736886007e-05
32,4.945397999190966e-06,7.499935007295004e-06,9.815639751809164e-06,1.49263576197758e-05,2.2713695013004265e-05,3.2730734864069654e-05,4.0719083680536554e-05,4.73385440044381e-05,5.033584085709911e-05,4.637593854940862e-05,4.0704627496087326e-05,3.564977980876128e-05,3.6203316100656865e-05,2.7947407624866988e-05,2.0410623461269793e-05,1.7337658875645402e-05,1.500591523425443e-05,1.183645524482686e-05,1.2397331377439003e-05,1.994468136649967e-05,3.139016071893788e-05,5.660378512610678e-05,8.215605469761729e-05,0.00011597599763937728,0.00012400827229100547,0.00014379387203050677,0.00017091150415801226,0.00017752871851759228,0.00018599556084119916,0.00012082034111688682,8.759945327611528e-05,0.0,0.00013933144100463068,0.0001606640807998524,0.00016923412297317926,9.875040106824694e-06,1.667041147250666e-05,1.5787009805059928e-05,1.643429889066907e-05,1.800072603536801e-05,2.12483874184281e-05,2.0449444648458326e-05,1.7837102302224027e-05,1.250053690615595e-05,1.035881159128574e-05,1.8051512337695222e-05,2.6417697647087108e-05,3.172912400497197e-05,4.2382849352289796e-05,6.105393724771322e-05,5.831675627395959e-05,4.69719024330966e-05,3.395525057746528e-05,2.249479887787356e-05,1.4406818856609949e-05,1.2711177644159154e-05,1.5928399695761423e-05,1.5213528220003297e-05,1.4563909618115982e-05,1.0223724208518143e-05,9.350629125167704e-06,1.5072768020685617e-05,1.879615016088797e-05,2.298901621714656e-05,2.8990582630528457e-05,3.0145153688555928e-05,3.373342065597519e-05,2.6536148020480463e-05,2.2480118844370056e-05,2.023120579775952e-05,1.8701120646861295e-05,1.4569596950829257e-05,1.0522815171610376e-05,7.789443410469311e-06,6.668388701349807e-06,1.2946457254384485e-05,9.573467216143286e-06,8.877249243763354e-06,2.6399616150379635e-05,6.0393240628234294e-05,9.691306123257934e-05,9.62613114677934e-05,9.0110550242968e-05,7.870408868807794e-05,6.540603463556387e-05,4.850214314580622e-05,3.334527361054903e-05,1.90356652704647e-05,1.766346344048641e-05,1.392294131891928e-05
33,5.643350108133288e-06,8.558413102713866e-06,1.1200937045679961e-05,1.7032938886087256e-05,2.5919315943572943e-05,3.7350077013952554e-05,4.646583456563797e-05,5.401951015267563e-05,5.7439820412909344e-05,5.292105061521899e-05,4.644933815623105e-05,4.068109154644648e-05,4.131274932065103e-05,3.1891670977268094e-05,2.3291208136547976e-05,1.9784551032426088e-05,1.712372459683172e-05,1.3506953534727857e-05,1.414698703337527e-05,2.2759506871789312e-05,3.582030544690624e-05,6.4592369909242e-05,9.375087308189362e-05,0.000132343879891187,0.00014150976260300064,0.00016408773639755935,0.00019503252430423787,0.00020258363695033551,0.0002122454185805079,0.00013787191348769645,9.996250740568405e-05,0.00013933144100463068,0.0,0.00023936817080957506,0.000252136396965524,1.1268720669961542e-05,1.9023133911848397e-05,1.801505632207176e-05,1.8753698375120556e-05,2.05411979449966e-05,2.4247207091332394e-05,2.3335508221385257e-05,2.0354481726750397e-05,1.4264758127176015e-05,1.1820767615342214e-05,2.0599151801243725e-05,3.0146070528137627e-05,3.620710717594942e-05,4.836441020811065e-05,6.967057927900066e-05,6.654709547714287e-05,5.360112385664554e-05,3.8747410632952006e-05,2.5669526638837128e-05,1.6440076767452697e-05,1.4505126937084163e-05,1.817640079932308e-05,1.7360638342857295e-05,1.6619338005087537e-05,1.1666615129278667e-05,1.0670298708670581e-05,1.720001242636478e-05,2.144888157844718e-05,2.6233493679605914e-05,3.308207097782713e-05,3.4399588537836013e-05,3.849427349178902e-05,3.0281237996480352e-05,2.565277478819276e-05,2.308646896470835e-05,2.1340440393663664e-05,1.662582800036955e-05,1.2007917289223e-05,8.888780300384606e-06,7.609509306428639e-06,1.4773611943553589e-05,1.0924586303927624e-05,1.0130109950283815e-05,3.0125437160223447e-05,6.891663746489598e-05,0.00011059056008755538,0.00010984682781238107,0.00010282799959493552,8.981172546295713e-05,7.463689529003787e-05,5.53473299441945e-05,3.805134661893964e-05,2.1722199847219583e-05,2.0156336928430134e-05,1.5887908801376634e-05
34,6.507387357924826e-06,9.868767338789217e-06,1.2915880590665649e-05,1.964080360987812e-05,2.9887748529757227e-05,4.306864084647589e-05,5.3580086054217434e-05,6.229028338011289e-05,6.623426759536612e-05,6.102364183382013e-05,5.356106392658602e-05,4.690965751963511e-05,4.76380266152313e-05,3.677451381963255e-05,2.6857258627305495e-05,2.2813707249011123e-05,1.974548926202777e-05,1.5574964691503086e-05,1.631299189483821e-05,2.624415009741e-05,4.130465031511351e-05,7.44819235581401e-05,0.00010810480204095113,0.00015260667412100447,0.0001631759190092695,0.00018921074201741858,0.00022489339819842843,0.0002336006401788017,0.0002447417096553526,0.00015898108918489784,0.00011526748199100949,0.0001606640807998524,0.00023936817080957506,0.0,0.0003795920159583597,1.299404237245703e-05,2.1935711723372223e-05,2.0773290247152717e-05,2.162502367958924e-05,2.36862022136914e-05,2.795962785716908e-05,2.690834137186349e-05,2.347089840746755e-05,1.6448794585127335e-05,1.3630611652143188e-05,2.3753029219682407e-05,3.4761649461228085e-05,4.1750674154387864e-05,5.576934720179091e-05,8.033764309006082e-05,7.673593158617971e-05,6.180783915082585e-05,4.46799162330544e-05,2.9599714696548825e-05,1.8957170062096832e-05,1.672596557839628e-05,2.0959337717435143e-05,2.0018676196431074e-05,1.916387747687688e-05,1.3452857318319935e-05,1.2303997730357465e-05,1.983345730369712e-05,2.473285870108509e-05,3.025002912345207e-05,3.814717257127501e-05,3.966641148957097e-05,4.438802198572583e-05,3.4917512035380355e-05,2.9580398017800164e-05,2.6621172424434432e-05,2.4607814395589743e-05,1.9171361136838058e-05,1.3846415279158342e-05,1.02497161164483e-05,8.774579586919275e-06,1.7035557558942292e-05,1.2597218574527304e-05,1.168110221087641e-05,3.473785697716393e-05,7.946826739376209e-05,0.0001275227655258185,0.00012666516252185552,0.00011857170152183268,0.00010356254275784848,8.606433759003636e-05,6.382140187522082e-05,4.38772798418508e-05,2.5048023950949014e-05,2.324241622384943e-05,1.832046123258156e-05
90,6.854500314460914e-06,1.0395180908462796e-05,1.3604831355619455e-05,2.0688470981556387e-05,3.148200198137279e-05,4.5365981151568564e-05,5.643812124695697e-05,6.561293243084295e-05,6.976729416724083e-05,6.427872648922191e-05,5.6418084452978134e-05,4.9411882916115644e-05,5.0179104217107914e-05,3.8736116766407276e-05,2.828986159587248e-05,2.4030621647553758e-05,2.0798740709806922e-05,1.640575464523605e-05,1.718314923066527e-05,2.764404901705782e-05,4.3507896948665754e-05,7.8454891398033e-05,0.00011387126028113645,0.00016074692318375177,0.0001718799460738061,0.00019930350220789196,0.00023688952015343042,0.00024606121834961535,0.0002577965677348719,0.00016746135827985082,0.00012141600739232031,0.00016923412297317926,0.000252136396965524,0.0003795920159583597,0.0,1.3687162393930153e-05,2.3105792637757994e-05,2.1881366007525302e-05,2.2778532068089245e-05,2.494965668893382e-05,2.9451032710659413e-05,2.8343669164006547e-05,2.4722868282728254e-05,1.7326195822498756e-05,1.4357687151069611e-05,2.5020048338974748e-05,3.661588346558062e-05,4.39777123105621e-05,5.874416058334356e-05,8.46229630318915e-05,8.082913130219047e-05,6.510475396543615e-05,4.706320417465099e-05,3.117860402890605e-05,1.996837148378542e-05,1.7618151496262007e-05,2.2077337504750288e-05,2.1086499809546636e-05,2.018610495525084e-05,1.417045115756379e-05,1.2960309825287014e-05,2.0891401087331662e-05,2.6052143267243254e-05,3.1863607118245464e-05,4.018199501635077e-05,4.178227221984612e-05,4.675573988828629e-05,3.678005996296376e-05,3.115825697204985e-05,2.8041182231511475e-05,2.5920428927187008e-05,2.0193987803886676e-05,1.4585002039192224e-05,1.0796450015807031e-05,9.242627682913985e-06,1.794425753717916e-05,1.326917147098588e-05,1.2304188205454515e-05,3.659082185782172e-05,8.370721364494173e-05,0.00013432500454013178,0.00013342165581705506,0.0001248964785195682,0.00010908671066515675,9.065512726184164e-05,6.722572288405198e-05,4.621775405876034e-05,2.63841198632989e-05,2.4482198546424355e-05,1.9297699733037773e-05
35,1.672602723190091e-05,2.536582843080072e-05,4.33433049421884e-05,6.59109020245834e-05,7.682089113692203e-05,8.478820574831026e-05,8.079152826194937e-05,7.194007088054139e-05,5.858972117673859e-05,5.3980489103843006e-05,4.737921796855042e-05,4.1495495524495014e-05,4.2139798598629396e-05,3.253011755584253e-05,2.375748010317661e-05,2.018062243690932e-05,1.7466528314739465e-05,1.37773522942459e-05,1.8840142145878153e-05,3.030979979150355e-05,4.7703418737599215e-05,6.58854591801041e-05,7.324396002144482e-05,7.919331026161276e-05,6.485734623755082e-05,5.760192991331015e-05,5.243920397569575e-05,4.171973589484385e-05,3.347831948322979e-05,1.665671159694259e-05,9.249936310792432e-06,9.875040106824694e-06,1.1268720669961542e-05,1.299404237245703e-05,1.3687162393930153e-05,0.0,0.00012547969541200422,9.101545679944494e-05,7.256957736229548e-05,7.948651106393158e-05,9.382733664781648e-05,9.029941376293534e-05,7.876399133615407e-05,5.519911047720891e-05,3.277543914645335e-05,5.71152625870036e-05,8.358600153997371e-05,0.00010039143620201259,0.00010271098022298474,0.0001133257332034755,0.00010824509377636222,8.718725643516403e-05,6.302629840540077e-05,4.175389321341795e-05,2.6741327155213568e-05,2.3593949732667177e-05,2.9565621082820318e-05,2.823870691825391e-05,2.7032912375261447e-05,1.8976843987958147e-05,3.162513460161277e-05,5.097820810688156e-05,6.79537490628477e-05,6.365800749214158e-05,6.148621170566114e-05,4.8969586070864567e-05,4.197178609306054e-05,3.301679778662222e-05,2.7970206434293282e-05,2.5172064547146384e-05,2.3268302479474395e-05,1.8127779359191543e-05,1.309269380012938e-05,9.691778842781176e-06,8.296940503389483e-06,7.46390694306545e-05,4.227393419026624e-05,3.002409768027732e-05,1.9269522699448724e-05,4.408203947171006e-05,7.073846917533296e-05,5.3816228360483465e-05,4.712855883557288e-05,4.11628856369755e-05,3.420789400588794e-05,3.09833478781339e-05,2.130108373276142e-05,1.2160053162877943e-05,1.1283485574319635e-05,8.894026251048662e-06
36,2.8235810005818502e-05,4.282097011334829e-05,7.316939679720928e-05,0.00011126657161772107,0.00012968411784495696,0.00014313402908237716,0.00013638709362694603,0.00012144462908166795,9.89074220975221e-05,9.112641114503579e-05,7.998256718324213e-05,7.005004305459177e-05,7.113771431897461e-05,5.491526505599989e-05,4.010585927606854e-05,3.406763680504723e-05,2.9485876599292296e-05,2.3258045462320076e-05,3.180472366438754e-05,5.116706653418664e-05,8.052986219787314e-05,0.00011122362063403768,0.0001236457713816745,0.00013368908416063868,0.00010948802608382131,9.723989602854754e-05,8.852451211427511e-05,7.042859131384177e-05,5.6515958938513364e-05,2.8118795781700604e-05,1.5615151202152733e-05,1.667041147250666e-05,1.9023133911848397e-05,2.1935711723372223e-05,2.3105792637757994e-05,0.00012547969541200422,0.0,0.0001536464762463406,0.0001225073216846274,0.00013418404701302704,0.0001583933120643752,0.0001524376981632634,0.00013296433539375675,9.318360985040217e-05,5.5329401283734904e-05,9.641833535719913e-05,0.00014110454478558944,0.0001694744053390568,0.00017339011128454204,0.00019130925874618167,0.00018273244803177405,0.00014718395309895032,0.00010639696817847802,7.048625351564228e-05,4.5142999134782155e-05,3.9829797757821175e-05,4.991079160784437e-05,4.7670779934703724e-05,4.5635234664452576e-05,3.203549497588309e-05,4.089102266412923e-05,7.045845582375584e-05,0.00011471517540412204,0.00010746337907838038,0.00010379709225794874,8.266732495349197e-05,7.085408634682854e-05,5.573684751185493e-05,4.721751458086508e-05,4.249387031080711e-05,3.928006088112094e-05,3.060215834381125e-05,2.2102248757536948e-05,1.6361041521040256e-05,1.4006364597832878e-05,9.650766449426475e-05,5.465982747115109e-05,3.882089591649171e-05,3.252957646790853e-05,7.441648120829577e-05,0.0001194161618921477,9.084911665803002e-05,7.955942045767191e-05,6.948855230368919e-05,5.774758001154209e-05,5.230410735925504e-05,3.5959127942178274e-05,2.0527824450316433e-05,1.9048059079578243e-05,1.5014326589903046e-05
37,2.6739532503491296e-05,4.055179298702446e-05,6.929198997714796e-05,0.00010537031194468998,0.00012281187200180346,0.00013554904294281624,0.00012915964239534544,0.00011500901181990261,9.36661008651152e-05,8.62974227492349e-05,7.574411552097359e-05,6.633793763108742e-05,6.73679708095613e-05,5.2005184714026505e-05,3.7980561828114467e-05,3.226231800957643e-05,2.792335532638298e-05,2.202555062097493e-05,3.011932159952911e-05,4.8455611452876554e-05,7.626240817238716e-05,0.00010532963702783716,0.00011709351076162612,0.00012660460636825123,0.00010368601543954805,9.208694065995107e-05,8.383340405490701e-05,6.669642578780292e-05,5.35210543168744e-05,2.662871911975884e-05,1.4787670090953726e-05,1.5787009805059928e-05,1.801505632207176e-05,2.0773290247152717e-05,2.1881366007525302e-05,9.101545679944494e-05,0.0001536464762463406,0.0,0.0001160153900110081,0.00012707334005348047,0.00014999970305113353,0.00014435969019319865,0.00012591826362813114,8.824560598311233e-05,5.239737495472125e-05,9.130891629052147e-05,0.00013362710547022033,0.0001604935848888251,0.00016420178898786953,0.0001811713615231228,0.00017304905482014752,0.0001393843526029787,0.00010075875947228282,6.675103234305845e-05,4.275077259766379e-05,3.7719129415209807e-05,4.7265909290291956e-05,4.5144600748769625e-05,4.321692348698778e-05,3.0337863833073575e-05,3.872411768612858e-05,6.672470771183427e-05,0.00010863616665256376,0.00010176865891962078,9.829665667913779e-05,7.828660208844956e-05,6.709937290574569e-05,5.278322971355393e-05,4.4715354920186083e-05,4.024202692045393e-05,3.719852430135388e-05,2.8980482852898687e-05,2.093100211860833e-05,1.549403404586851e-05,1.3264136617377883e-05,7.000088053889852e-05,3.9646965586989576e-05,2.8158353139142064e-05,3.08057628631586e-05,7.047298865003789e-05,0.00011308803755582928,8.603482270529062e-05,7.53433922684868e-05,6.580620150660307e-05,5.468740908790629e-05,4.953239799073212e-05,3.405357488270877e-05,1.944001000864108e-05,1.8038660650494776e-05,1.4218684492706766e-05
38,2.7835890063125752e-05,4.22144721977493e-05,7.213305673939005e-05,0.00010969063946150496,0.00012784732743710157,0.00014110673988131613,0.00013445536513549921,0.00011972453927044333,9.750653965182716e-05,8.983573561224928e-05,7.884972829256573e-05,6.905788418972323e-05,7.01301501432745e-05,5.413746871689622e-05,3.9537817029714586e-05,3.3585117360556546e-05,2.9068251247747417e-05,2.2928628448729184e-05,3.135425515427221e-05,5.0442358076667935e-05,7.938927165456692e-05,0.00010964829681719381,0.00012189450553185577,0.0001317955691219289,0.00010793728448625562,9.586263170926037e-05,8.727068876710182e-05,6.943107085325083e-05,5.5715491055521574e-05,2.7720533178457076e-05,1.5393984875682314e-05,1.643429889066907e-05,1.8753698375120556e-05,2.162502367958924e-05,2.2778532068089245e-05,7.256957736229548e-05,0.0001225073216846274,0.0001160153900110081,0.0,0.00013228352153206254,0.00015614989690218762,0.00015027863577046844,0.0001310810853867659,9.18637970345631e-05,5.454573929613632e-05,9.505270727206062e-05,0.0001391060003325452,0.0001670740423086668,0.00017093428786902414,0.0001885996361860851,0.0001801443037522257,0.00014509930250537797,0.0001048900070037198,6.948791635227445e-05,4.450361299274334e-05,3.926566552880103e-05,4.920387649135062e-05,4.6995591385989285e-05,4.498887670879211e-05,3.158175791956174e-05,4.031185969918802e-05,6.946051237501293e-05,0.00011309039869808276,0.00010594131371550467,0.00010232695461433523,8.149646030143664e-05,6.985053935648077e-05,5.4947414630056174e-05,4.654874588886075e-05,4.189200529698285e-05,3.8723714890221146e-05,3.0168722454824558e-05,2.1789201954393226e-05,1.612931072294593e-05,1.3807984437102769e-05,5.5813973739539375e-05,3.161181229563255e-05,2.9312884293601265e-05,3.206884145254383e-05,7.336247797998092e-05,0.00011772480242306732,8.956236860581976e-05,7.843257483632994e-05,6.850434615379063e-05,5.6929667974164666e-05,5.156329434155169e-05,3.544981822579493e-05,2.023707712002608e-05,1.8778270513429682e-05,1.4801670086400331e-05
39,3.980666696295943e-05,6.036873374561021e-05,0.00010315375438448338,0.0001568629113024981,0.00018282785187942547,0.00020178945196098937,0.00019227766488494712,0.00017121187255821226,0.00013943906021430193,0.00012846944002076278,0.00011275891904817885,9.875610914085665e-05,0.00010028950123329336,7.74191945198798e-05,5.654098760180047e-05,4.8028339623836576e-05,4.156900296669646e-05,3.278904588666525e-05,3.434277061831518e-05,5.525024671612664e-05,8.695622117549831e-05,0.00012009937049226109,0.00013351282058898084,0.00014435759920286228,0.00011822527385952662,0.00010499973147059674,9.558885169761648e-05,7.60488593450859e-05,6.102598578062067e-05,3.0362702213177304e-05,1.6861254999876344e-05,1.800072603536801e-05,2.05411979449966e-05,2.36862022136914e-05,2.494965668893382e-05,7.948651106393158e-05,0.00013418404701302704,0.00012707334005348047,0.00013228352153206254,0.0,0.00022330189292276025,0.00021490570598593517,0.00018745228190300976,0.0001313696657881226,5.974473970555757e-05,0.0001041126094825903,0.00015236482058164728,0.00018299862277224022,0.00018722680574636703,0.00020657591808089505,0.00019731466977986279,0.00015892937141390653,0.00011488754661714226,7.611112304499028e-05,4.874545305496772e-05,4.3008253195495195e-05,5.389371986545564e-05,5.147495314750561e-05,4.927696944429529e-05,3.4591957698184504e-05,4.71981134903285e-05,9.933188688841139e-05,0.00016172473118243692,0.00015150119443380015,0.00014633248638464073,0.00011654387362941914,9.98896443059989e-05,7.85774562873337e-05,6.656695442248183e-05,5.9907590505847536e-05,5.537678222998887e-05,4.3142729933684156e-05,3.115961097777804e-05,2.3065693205223885e-05,1.9746084521493303e-05,6.113385529340157e-05,3.701188472816301e-05,3.4320243470338525e-05,3.512546735940455e-05,8.035498661540965e-05,0.00012894568427185212,9.809896187706314e-05,8.59083372688858e-05,9.796452301956754e-05,8.14121742908247e-05,7.373800085833188e-05,5.06949519060289e-05,2.89399975137761e-05,2.6853833621748317e-05,2.1167102984267706e-05
40,4.698852034098035e-05,7.126036139133071e-05,0.00012176458507953,0.00018516385974594166,0.00021581335219369102,0.00023819597297324954,0.00022696808491827686,0.00020210163698972474,0.00016459642610378955,0.0001516476850781575,0.00013310269775292942,0.00011657352391445302,0.0001183835680860288,9.138703825328343e-05,6.67420195842692e-05,5.669353366003033e-05,4.906881410775805e-05,3.87047916129365e-05,4.0538836805048435e-05,6.521840535105909e-05,0.0001026447195712645,0.00014176750137271467,0.0001576009840729599,0.0001704023598064763,0.00013955528330808375,0.0001239436103151905,0.00011283483509292231,8.976946946022977e-05,7.203619375742598e-05,3.584069100481512e-05,1.9903334892955925e-05,2.12483874184281e-05,2.4247207091332394e-05,2.795962785716908e-05,2.9451032710659413e-05,9.382733664781648e-05,0.0001583933120643752,0.00014999970305113353,0.00015614989690218762,0.00022330189292276025,0.0,0.0003312041443941417,0.0002888940168321033,0.00020246171481155126,7.052378737293958e-05,0.00012289643523727805,0.00017985423089585624,0.0002160149332900973,0.00022100595808174884,0.0002438460054375571,0.00023291385795128658,0.00018760314719166258,0.00013561536880664205,8.984296667445733e-05,5.754002751687223e-05,5.0767731495506146e-05,6.361713615725412e-05,6.0761979526525974e-05,5.8167439218905014e-05,4.0832981807995924e-05,7.273985920413356e-05,0.00015308636156028858,0.00024924373679569565,0.0002334876277339106,0.00022552182003610576,0.00017961279237665732,0.0001539459551547167,0.00012110045686743042,0.00010259034809371155,9.232720073752908e-05,8.534449885190357e-05,6.64898630260127e-05,4.802195570472521e-05,3.5547930883668214e-05,3.0431881736558506e-05,7.713841378515866e-05,5.704124773033298e-05,5.2892997055815854e-05,4.146274640475742e-05,9.485250112979247e-05,0.00015220985253368473,0.00011579781522222535,0.00010140777817381808,0.00011563912112719024,0.00011737732399255846,0.000113642080239678,7.812904777985438e-05,4.46011755311239e-05,4.138606254119597e-05,3.262189899074103e-05
41,4.522174445070994e-05,6.858096039030881e-05,0.00011718621717932459,0.00017820166896456417,0.00020769873558760672,0.00022923976624116368,0.00021843404857526115,0.00019450258307131022,0.00015840757412133565,0.00014594570783207388,0.00012809801500034796,0.00011219034074542926,0.00011393232696626603,8.79508709788629e-05,6.423250895882814e-05,5.4561847714656604e-05,4.7223818838687216e-05,3.724948524952165e-05,4.1704199618947754e-05,6.276618286480128e-05,9.878526167631317e-05,0.00013643702061631716,0.0001516751618312207,0.00016399520378695173,0.0001343079823052143,0.00011928331071714229,0.00010859222722235804,8.639412303148986e-05,6.932762133518545e-05,3.449307528296586e-05,1.915496631336088e-05,2.0449444648458326e-05,2.3335508221385257e-05,2.690834137186349e-05,2.8343669164006547e-05,9.029941376293534e-05,0.0001524376981632634,0.00014435969019319865,0.00015027863577046844,0.00021490570598593517,0.0003312041443941417,0.0,0.0003629994368990285,0.0002543960213371849,6.787208167297527e-05,0.00011827550958986979,0.0001730916830096059,0.00020789273720250387,0.00021269609866265138,0.00023467735657993198,0.00022415625958998407,0.0001805492388116617,0.00013051620922002407,8.646485673869152e-05,5.537651326691096e-05,4.885885666056575e-05,6.122512164913476e-05,5.847731936498979e-05,5.598033418846415e-05,3.9297655152406406e-05,9.139866661399439e-05,0.00019235518842746277,0.0003131782966624359,0.0002933805217556899,0.0002833713712012511,0.00022568602564891703,0.00019343527999239387,0.00015216444470928675,0.00012890623003430197,0.00011601043955737026,0.00010723657542438982,8.354545761313966e-05,6.0340269662754124e-05,4.466648023796388e-05,3.823809179325655e-05,9.692551294189774e-05,7.167313824350519e-05,6.646080233057121e-05,3.9903740499469686e-05,9.128603189620374e-05,0.0001464867377012393,0.00012733911832016684,0.0001192025939011204,0.00013593122187510737,0.0001474862753518914,0.0001427928885042011,9.81702586316521e-05,5.604201077048258e-05,5.200217561671797e-05,4.0989879589988346e-05
42,3.9444830699260874e-05,5.981999156925444e-05,0.00010221610318380158,0.00015543705241832204,0.00018116597582018044,0.0001999552179765344,0.00019052989153031308,0.00016965558390121566,0.00013817158136186428,0.00012730167326903213,0.00011173395843027417,9.785843183513836e-05,9.937788563763919e-05,7.671546637027883e-05,5.60270390283442e-05,4.759176966490721e-05,4.119114734936635e-05,3.249099868103231e-05,3.637663945517583e-05,5.4748030771777696e-05,8.61658029723173e-05,0.0001190076863396566,0.00013229921031101597,0.00014304541161426918,0.000117150624946874,0.00010404530063216396,9.471996425768876e-05,7.535758732400543e-05,6.047126928793045e-05,3.0086710085154362e-05,1.6707988876990426e-05,1.7837102302224027e-05,2.0354481726750397e-05,2.347089840746755e-05,2.4722868282728254e-05,7.876399133615407e-05,0.00013296433539375675,0.00012591826362813114,0.0001310810853867659,0.00018745228190300976,0.0002888940168321033,0.0003629994368990285,0.0,0.0002897109842490622,5.920166953565823e-05,0.00010316624244175915,0.00015097984862582733,0.0001813351944327738,0.0001855249438969809,0.00020469817588162872,0.00019552111085284948,0.00015748472873639027,0.00011384323711360805,7.541928505679284e-05,4.830236464914577e-05,4.261731502277805e-05,5.340383453415979e-05,5.100705402050052e-05,4.882904963913545e-05,3.4277522311288733e-05,7.972281862449466e-05,0.0001677825111305846,0.00027317090573534354,0.00025590222473012835,0.00024717170683748977,0.00019685545484901838,0.00016872462491756697,0.00013272598907693463,0.00011243892692651739,0.00010119052688635206,9.353749205747786e-05,7.287282857552025e-05,5.263201917805977e-05,3.896049947473238e-05,3.335331432629247e-05,8.454363039000707e-05,6.251715492269999e-05,5.797067600795015e-05,3.480618245464678e-05,7.962457258316924e-05,0.0001277735885357184,0.00011107200804707734,0.00010397489509648107,0.0001185665015521775,0.00012864543887865427,0.00012455161516924238,8.562936433486874e-05,4.888284726161498e-05,4.535908638885933e-05,3.575357121776836e-05
43,2.764359106981764e-05,4.192284148329212e-05,7.163473912986633e-05,0.00010893286237961765,0.0001269641183028675,0.00014013193059852935,0.00013352650561989556,0.00011889744488532492,9.683293412409001e-05,8.921512238658438e-05,7.830500982518806e-05,6.858081082941191e-05,6.964566923598122e-05,5.376347023109605e-05,3.9264677482347046e-05,3.335310091545909e-05,2.8867438719766713e-05,2.2770230346185045e-05,2.5493351797094095e-05,3.836832729925177e-05,6.038642274141767e-05,8.340255889094828e-05,9.271747916935684e-05,0.0001002485951385436,8.210109948996801e-05,7.291667101681015e-05,6.638132073758287e-05,5.281184609145536e-05,4.237926770210971e-05,2.108526505212634e-05,1.1709235505052872e-05,1.250053690615595e-05,1.4264758127176015e-05,1.6448794585127335e-05,1.7326195822498756e-05,5.519911047720891e-05,9.318360985040217e-05,8.824560598311233e-05,9.18637970345631e-05,0.0001313696657881226,0.00020246171481155126,0.0002543960213371849,0.0002897109842490622,0.0,4.148951115475019e-05,7.230061246841894e-05,0.00010580918009298354,0.00012708270951101842,0.0001300189553718911,0.00014345587410305154,0.00013702443484017626,0.00011036790787928282,7.978322728336204e-05,5.285508488510398e-05,3.3851097657042844e-05,2.9866920661047424e-05,3.742629229868087e-05,3.574658879307182e-05,3.42202072267325e-05,2.4022255714170716e-05,5.58710725314399e-05,0.00011758476444539329,0.0001914426979771785,0.00017934052013636348,0.0001732220285070826,0.00013795956522665929,0.00011824501340088102,9.301657280148027e-05,7.879906343073736e-05,7.091599826382621e-05,6.555262462266533e-05,5.107048598082462e-05,3.688539130589668e-05,2.730416372088847e-05,2.337455544146615e-05,5.9249577311608425e-05,4.3813058261242295e-05,4.0626810489382856e-05,2.439274950407498e-05,5.580222007745588e-05,8.95458484264891e-05,7.784110402619714e-05,7.286732965057872e-05,8.309336928016553e-05,9.015685559591906e-05,8.728783609377614e-05,6.001047765394246e-05,3.4257909492149514e-05,3.178839947353746e-05,2.5056695250262806e-05
44,2.9908014954833062e-05,4.535694971267234e-05,5.9361511558096606e-05,6.913983219293411e-05,8.058429423614036e-05,8.8941922160186e-05,8.474945016771949e-05,7.546436592194182e-05,6.14599916851329e-05,5.6624956474426346e-05,4.9700293565337975e-05,4.35283315688224e-05,4.420419861143134e-05,3.412374584387413e-05,2.492134286142754e-05,2.1169257375911182e-05,1.8322201632497715e-05,1.4452295393132543e-05,2.1125558852309425e-05,3.1794656225526454e-05,5.004037670910218e-05,6.911314292084444e-05,7.683213170318734e-05,8.307293655681814e-05,6.803466342594987e-05,6.042380920094211e-05,5.5008164838320076e-05,4.376355732208272e-05,3.511839953743334e-05,1.7472712545629726e-05,9.703084386327804e-06,1.035881159128574e-05,1.1820767615342214e-05,1.3630611652143188e-05,1.4357687151069611e-05,3.277543914645335e-05,5.5329401283734904e-05,5.239737495472125e-05,5.454573929613632e-05,5.974473970555757e-05,7.052378737293958e-05,6.787208167297527e-05,5.920166953565823e-05,4.148951115475019e-05,0.0,8.361574642988314e-05,0.00012236844572337854,0.00014697130842062126,0.00015036708033701776,0.00016590689322469452,0.00015846892587941547,0.00012764061996379131,9.226939958215845e-05,6.112697008221415e-05,3.914883569348555e-05,3.454113014224361e-05,4.328355265350108e-05,4.1340973502269954e-05,3.9575711360652193e-05,2.7781768008497683e-05,4.629864445832194e-05,7.463120590615577e-05,9.30671361076547e-05,8.718383502481874e-05,8.420941761818718e-05,6.70670742209919e-05,5.748312613909723e-05,4.521867970234569e-05,3.830704037789091e-05,3.447480072296351e-05,3.1867473152195414e-05,2.482718808334006e-05,1.7931306700761232e-05,1.3273529615741923e-05,1.1363206618547427e-05,4.9098307764046795e-05,3.630653780500684e-05,3.3666191986293073e-05,2.8210244528029423e-05,6.453533552373681e-05,0.00010355988283154023,7.878601796758273e-05,5.6488644862181346e-05,4.933814412535345e-05,4.3828468985449625e-05,4.2433736089796014e-05,2.9173237478979796e-05,1.6653993906049444e-05,1.5453476845593145e-05,1.218095488573934e-05
45,3.991897540091061e-05,6.0539054918050235e-05,7.923129379289011e-05,9.228266284810108e-05,0.00010755787250241412,0.0001187130074725479,0.00011311721027273298,0.00010072417615922406,8.203218769029418e-05,7.557874529599906e-05,6.633622456217728e-05,5.80983525574207e-05,5.9000449199037915e-05,4.5545816831565106e-05,3.326313946764369e-05,2.8255137150384003e-05,2.445510065989877e-05,1.9289840036405455e-05,3.4439663506299186e-05,5.5406126858286745e-05,8.720155488754824e-05,0.00012043821254380631,0.00013388950664362486,0.00014476488214589152,0.00011855882843333381,0.00010529597219423556,9.585854105969485e-05,7.626341959975289e-05,6.119816128940744e-05,3.0448365945353427e-05,1.6908826458514033e-05,1.8051512337695222e-05,2.0599151801243725e-05,2.3753029219682407e-05,2.5020048338974748e-05,5.71152625870036e-05,9.641833535719913e-05,9.130891629052147e-05,9.505270727206062e-05,0.0001041126094825903,0.00012289643523727805,0.00011827550958986979,0.00010316624244175915,7.230061246841894e-05,8.361574642988314e-05,0.0,0.000213242174380158,0.0002561157101721893,0.00026203326336877395,0.0002891133122330042,0.0002761517327972289,0.00022242959105518966,0.00016079085812799576,0.00010652131712997559,6.822169553907699e-05,6.0192197862269946e-05,7.542695200685431e-05,7.204176720970074e-05,6.89655792659519e-05,4.841317206601838e-05,6.17959584418556e-05,9.961213665324503e-05,0.00012421903367793754,0.00011636644461254627,0.00011239641532552476,8.951610095427563e-05,7.672416580570324e-05,6.035450247786827e-05,5.112936464810763e-05,4.601437855670475e-05,4.2534313252578367e-05,3.313746873101912e-05,2.393336342030281e-05,1.7716511878647272e-05,1.5166756007254085e-05,6.553273906072452e-05,4.8459243842129104e-05,4.493510825685851e-05,4.9159845476436103e-05,0.00011246081610404502,0.0001804659237355419,0.00013729439548607256,9.843846088746016e-05,8.59778276252303e-05,7.145078312047328e-05,5.6637368601541617e-05,3.893824953100496e-05,2.2228502094388284e-05,2.0626141955238223e-05,1.625822506701848e-05
46,5.841989318095048e-05,8.859659062059775e-05,0.00011595196704030528,0.0001350521463012488,0.00015740683119381835,0.00017373194442203596,0.00016554270931787063,0.00014740597805591168,0.00012005096809567275,0.00011060660206328363,9.708052659241193e-05,8.502471609820662e-05,8.634490001858272e-05,6.665456032918304e-05,4.867933194794559e-05,4.1350312165098426e-05,3.5789104152409874e-05,2.8229942855164613e-05,5.040112986416933e-05,8.108474679331238e-05,0.0001276161392064975,0.0001762567160366865,0.00019594217029909782,0.00021185786624981727,0.00017350630929710684,0.00015409662663414079,0.00014028530724917812,0.00011160859671087488,8.956116757736737e-05,4.456001859259796e-05,2.4745420582590542e-05,2.6417697647087108e-05,3.0146070528137627e-05,3.4761649461228085e-05,3.661588346558062e-05,8.358600153997371e-05,0.00014110454478558944,0.00013362710547022033,0.0001391060003325452,0.00015236482058164728,0.00017985423089585624,0.0001730916830096059,0.00015097984862582733,0.00010580918009298354,0.00012236844572337854,0.000213242174380158,0.0,0.0004893611111620457,0.0005006677990871803,0.0005524097355486836,0.0005276440040328711,0.0004249969350217021,0.0003072236097712016,0.00020353062324104877,0.00013035141308557908,0.00011500942604950996,0.00014411851979257676,0.00013765043631300345,0.00013177275411504626,9.250320357614145e-05,9.04360208379824e-05,0.00014577855078605224,0.00018178980311053924,0.00017029783945699336,0.00016448785349057623,0.00013100338881956043,0.00011228288115492239,8.832650518545232e-05,7.482586892959623e-05,6.73402824865387e-05,6.224734006284217e-05,4.8495417633115464e-05,3.5025561664166935e-05,2.5927437292541436e-05,2.219596712958496e-05,9.590465630275912e-05,7.091824929009162e-05,6.576081169608972e-05,9.392987486292629e-05,0.00021487924303380707,0.0003448168209077687,0.00026232884303042405,0.00018808668382186539,0.00016427811177102176,0.00013652124111295498,0.00010123794869691202,6.960119450641533e-05,3.973291856958957e-05,3.6868737948796484e-05,2.9061190445081246e-05
47,7.016554053490646e-05,0.00010640943233479099,0.0001392647606915106,0.00016220513817571174,0.00018905435791180867,0.0002086617267648033,0.0001988259999881142,0.00017704277712959226,0.00016475352455757184,0.00015179242465367189,0.0001332297371334689,0.00011668478708578928,0.00011849655884737023,9.147426227597446e-05,6.680572125949504e-05,5.674764459480743e-05,4.9115647656989555e-05,3.87417332589995e-05,6.053455985507712e-05,9.738729015245734e-05,0.00015327408012655468,0.00021169411788062457,0.00023533744318967638,0.00025445307912403986,0.0002083907264318298,0.0001850786181498157,0.00016849045549870463,0.00013404813138402784,0.00010756794290155327,5.3519060384291e-05,2.972062625248396e-05,3.172912400497197e-05,3.620710717594942e-05,4.1750674154387864e-05,4.39777123105621e-05,0.00010039143620201259,0.0001694744053390568,0.0001604935848888251,0.0001670740423086668,0.00018299862277224022,0.0002160149332900973,0.00020789273720250387,0.0001813351944327738,0.00012708270951101842,0.00014697130842062126,0.0002561157101721893,0.0004893611111620457,0.0,0.0007850993879300847,0.0008662361471151307,0.0008274008940987497,0.0006664395716401963,0.00048175869993796364,0.00031915726959654505,0.00020440462681221822,0.0001803467891529767,0.00022599288766889453,0.00021585025738559674,0.00020663343796066666,0.0001450546822496063,0.0001086186903195543,0.000175088146474633,0.0002183396631602277,0.0002045371757256653,0.00019755905947729788,0.00015734235528226328,0.0001348579844993755,0.00010608504470729418,8.987002977183061e-05,8.087942416817013e-05,7.47625170905593e-05,5.824569348584729e-05,4.206764738670115e-05,3.114029405499272e-05,2.6658590876201376e-05,0.00011518682563239901,8.517676127574817e-05,7.898239191192003e-05,0.000147291851798106,0.00033695309043701077,0.0005407087804253768,0.0004113590178459445,0.0002949395599548693,0.0002576052329246785,0.000214079561403095,0.00015875167466762314,0.00010914194063571964,6.230536516735095e-05,5.781403088061303e-05,4.557098114268783e-05
48,7.178671527035428e-05,0.0001088680221496686,0.00014248247283126018,0.00016595288771153213,0.00019342245863955058,0.00021348285572792615,0.0002034198744950813,0.00020696854709293267,0.0002200730095948489,0.0002027599459067089,0.00017796444292909408,0.00015586417551225382,0.00015828428801267417,0.00012218868308645875,8.923715699079992e-05,7.580186807496235e-05,6.560726653405673e-05,5.175009067711643e-05,6.19332107927077e-05,9.963742338232026e-05,0.00015681547757615533,0.0002165853102370811,0.00024077491455090934,0.00026033221723211977,0.00027836232615153415,0.00024722268380760913,0.00022506469424057448,0.0001790576303813157,0.00014368615781569765,7.148921834047684e-05,3.969995594323216e-05,4.2382849352289796e-05,4.836441020811065e-05,5.576934720179091e-05,5.874416058334356e-05,0.00010271098022298474,0.00017339011128454204,0.00016420178898786953,0.00017093428786902414,0.00018722680574636703,0.00022100595808174884,0.00021269609866265138,0.0001855249438969809,0.0001300189553718911,0.00015036708033701776,0.00026203326336877395,0.0005006677990871803,0.0007850993879300847,0.0,0.001157093278747169,0.0011052182670735595,0.0008902107717441202,0.0006435193861773852,0.0004263210820090355,0.0002730378091666107,0.00024090204301392077,0.00030187478580432275,0.0002883265526017414,0.0002760149908601422,0.00019375986379787738,0.0001111283250376947,0.00017913355790276624,0.000223384400832924,0.00020926300694164992,0.000202123661325182,0.00016097775022477862,0.00014748567385146767,0.00011601852394798922,9.828518458995119e-05,8.845272616555004e-05,8.176305061109726e-05,6.369964214277583e-05,4.600673326985904e-05,3.405617598159138e-05,2.91548198195514e-05,0.00011784821710958397,8.714477024959501e-05,8.08072799885556e-05,0.00019674821040129237,0.00045009222657841,0.0007222632046393092,0.0005494815198912694,0.0003939717634700237,0.0003441016454692323,0.00028596130794313323,0.00021205591149655619,0.00014578865862339619,8.32257110317147e-05,7.72263161402655e-05,6.087240316826654e-05
49,7.920557397680747e-05,0.00012011907982709039,0.00015720744429847692,0.00018310342902301338,0.00021341186595394564,0.0002355454217184567,0.00025645488534584653,0.00029814523750937,0.0003170226618327485,0.000292082604235506,0.0002563638381318534,0.00022452765060208447,0.00022801390504205608,0.00017601695741436337,0.00012854916236976124,0.00010919517133545795,9.450950078107214e-05,7.454776724664538e-05,6.833375075860067e-05,0.00010993453703579532,0.00017302170552154964,0.00023896850200857877,0.0002656580014059673,0.0003750174208990309,0.00040099040656088066,0.00035613269173903584,0.0003242133534869905,0.00025793861187000283,0.00020698480155796012,0.00010298265258590342,5.718913796351741e-05,6.105393724771322e-05,6.967057927900066e-05,8.033764309006082e-05,8.46229630318915e-05,0.0001133257332034755,0.00019130925874618167,0.0001811713615231228,0.0001885996361860851,0.00020657591808089505,0.0002438460054375571,0.00023467735657993198,0.00020469817588162872,0.00014345587410305154,0.00016590689322469452,0.0002891133122330042,0.0005524097355486836,0.0008662361471151307,0.001157093278747169,0.0,0.0015921045364848709,0.0012823789203867551,0.0009270115818496364,0.0006141300310416864,0.0003933202585920694,0.0003470275935146207,0.00043486090507900796,0.0004153442139549107,0.0003976089901679254,0.0002791176795856917,0.00012261297562568356,0.00019764626670494345,0.00024647025036321404,0.00023088946909611446,0.00022301230177843565,0.00018985869116270993,0.00021245813374691668,0.00016712863313684114,0.00014158315413049488,0.00012741916306315747,0.00011778245770353888,9.176150290793764e-05,6.627426539170375e-05,4.9059080808705063e-05,4.199851041008664e-05,0.00013002734061803183,9.615082011624859e-05,8.915837657279328e-05,0.00028342249459429995,0.000648373173988056,0.0010404447328645264,0.0007915468343188955,0.0005675297364821986,0.0004956901338720007,0.0004119369985088273,0.00030547375911190117,0.00021001352554273763,0.00011988946982990189,0.00011124713726320287,8.768876892303739e-05
50,7.565461559676176e-05,0.00011473387987588134,0.00015015949219474356,0.00017489450352624515,0.00020384414722202584,0.00022498540747782424,0.00024495745431291,0.0002847787371931849,0.0003028098454717557,0.00027898790497255584,0.0002448704889438083,0.0002144615870357639,0.00021779154509661688,0.00016812573387315523,0.0001227860234586232,0.00010429971399267409,9.027243403257848e-05,7.120562848636464e-05,6.527019989073803e-05,0.00010500593231843022,0.00016526476564593617,0.00022825502362354988,0.0002537479746369556,0.00035820457318462036,0.0003830131333337182,0.0003401664875611674,0.000309678162758817,0.00024637466214563937,0.00019770522212016003,9.836571598865928e-05,5.462522435866675e-05,5.831675627395959e-05,6.654709547714287e-05,7.673593158617971e-05,8.082913130219047e-05,0.00010824509377636222,0.00018273244803177405,0.00017304905482014752,0.0001801443037522257,0.00019731466977986279,0.00023291385795128658,0.00022415625958998407,0.00019552111085284948,0.00013702443484017626,0.00015846892587941547,0.0002761517327972289,0.0005276440040328711,0.0008274008940987497,0.0011052182670735595,0.0015921045364848709,0.0,0.0015992189075535678,0.0011560502326160916,0.0007658643960258819,0.0004904987007074269,0.00043276841202600244,0.0005423028798293632,0.0005179641598439113,0.0004958470579803789,0.00034807985653046683,0.00011711596889446727,0.00018878535412262726,0.0002354204522616878,0.00022053819135155536,0.00021301417460009716,0.00018134691255220273,0.0002029331729069334,0.00015963589253052186,0.00013523567298251153,0.00012170668448191501,0.0001125020136109649,8.764763488885175e-05,6.330304573811025e-05,4.6859655372232354e-05,4.01156257215191e-05,0.00012419793175675825,9.184016944739496e-05,8.516121237655709e-05,0.0002707160469070729,0.0006193051925320554,0.0009937993295470585,0.00075606006585805,0.0005420861423952886,0.00047346726562671576,0.00039346896572449165,0.00029177870521177924,0.00020059816181256258,0.00011451456379492526,0.00010625968581898334,8.375749043833974e-05
51,6.0936880743679886e-05,9.241372387008113e-05,0.00012094769097993113,0.00014087079050019088,0.00016418861415902028,0.00018121708551951487,0.0001973038004753292,0.00022937831102296481,0.00024390167468267882,0.00022471401857164958,0.00019723375321801408,0.0001727405532393987,0.0001754227062796996,0.0001354188070900811,9.889941558052228e-05,8.400940488611171e-05,7.271097082040292e-05,5.735339287796343e-05,5.257263361243345e-05,8.457823656354668e-05,0.00013311440730827894,0.00018385063546987935,0.00020438422622907773,0.0002885199955853885,0.0003085023358471595,0.00027399101194294583,0.000249433839880136,0.00019844530683301584,0.00015924394629076145,7.922979790705832e-05,4.399851557085052e-05,4.69719024330966e-05,5.360112385664554e-05,6.180783915082585e-05,6.510475396543615e-05,8.718725643516403e-05,0.00014718395309895032,0.0001393843526029787,0.00014509930250537797,0.00015892937141390653,0.00018760314719166258,0.0001805492388116617,0.00015748472873639027,0.00011036790787928282,0.00012764061996379131,0.00022242959105518966,0.0004249969350217021,0.0006664395716401963,0.0008902107717441202,0.0012823789203867551,0.0015992189075535678,0.0,0.001215719430538275,0.0008053942650045059,0.0005158156490781339,0.0004551056282672141,0.0005702936859010699,0.0005446987299329496,0.0005214400602626499,0.0003660458975086697,9.433240488248736e-05,0.00015205933596490733,0.000189622112424132,0.0001776350241133445,0.00017157471823669047,0.0001460679576025911,0.00016345485941370212,0.0001285805666820371,0.00010892712905647661,9.803004958101423e-05,9.061604150333766e-05,7.059679614466464e-05,5.098816666276273e-05,3.774364866682218e-05,3.231159237632739e-05,0.00010003665336708437,7.39737213513091e-05,6.859407851911124e-05,0.00021805135530267444,0.0004988264941086144,0.0008004671063367382,0.0006089772805642642,0.00043662952156163075,0.00038135965762234764,0.00031692410636898,0.00023501651581713358,0.00016157409785711395,9.223707320884952e-05,8.558808674839707e-05,6.74634345303511e-05
52,4.405031407888758e-05,6.680442963268803e-05,8.743118633184681e-05,0.00010183328208374337,0.00011868937060143604,0.00013099898511663137,0.00014262781871712143,0.0001658139786633947,0.00017631269016428914,0.0001624422349028227,0.00014257718265489705,0.00012487143305485842,0.00012681031936461024,9.789212889970663e-05,7.149283431269621e-05,6.072907942859333e-05,5.2561618883844414e-05,4.1459866979262054e-05,3.800393118779986e-05,6.11402789147375e-05,9.622631448792723e-05,0.0001329027370159772,0.0001477461472967676,0.00020856657361631995,0.0002230114935698821,0.00019806379951817254,0.00018031180550314826,0.0001434529957357918,0.00011511494785523771,5.727397660692842e-05,3.18058359116422e-05,3.395525057746528e-05,3.8747410632952006e-05,4.46799162330544e-05,4.706320417465099e-05,6.302629840540077e-05,0.00010639696817847802,0.00010075875947228282,0.0001048900070037198,0.00011488754661714226,0.00013561536880664205,0.00013051620922002407,0.00011384323711360805,7.978322728336204e-05,9.226939958215845e-05,0.00016079085812799576,0.0003072236097712016,0.00048175869993796364,0.0006435193861773852,0.0009270115818496364,0.0011560502326160916,0.001215719430538275,0.0,0.0007601322948011991,0.0004868275701291942,0.000429529362975739,0.0005382440216062246,0.0005140874644257806,0.0004921358976978886,0.00034547465777431756,6.819141400376544e-05,0.00010992130588462994,0.0001370748470654445,0.00012840956918220921,0.0001240286692407821,0.00010559023256081445,0.00011815895081962777,9.294887230296129e-05,7.874171089971607e-05,7.086438328500218e-05,6.550491328228243e-05,5.103331521376263e-05,3.6858544913858493e-05,2.7284290859097568e-05,2.3357542676876083e-05,7.231492564833839e-05,5.347444141120144e-05,4.9585582094832e-05,0.00015762590026247993,0.0003605938385455318,0.0005786450998742452,0.0004402201121616309,0.00031563262389171584,0.00027567890726050616,0.00022909945921661376,0.00016988974836136994,0.00011679937782763804,6.667673164397365e-05,6.18702837537183e-05,4.876825731206559e-05
53,2.9182613553420814e-05,4.4256843438984634e-05,5.792173283191826e-05,6.746288602175209e-05,7.862976933507309e-05,8.678468788446646e-05,9.448860019783596e-05,0.00010984905243634098,0.00011680427731829703,0.00010761532726948482,9.445505463370868e-05,8.272528473181358e-05,8.400976524199056e-05,6.485193641266175e-05,4.7362834958448144e-05,4.023202316437131e-05,3.48212139618904e-05,2.7466484662635377e-05,2.517698365051856e-05,4.05044361073533e-05,6.374836157449784e-05,8.804589242163976e-05,9.7879409278374e-05,0.0001381719482659331,0.000147741471789874,0.00013121403197965598,0.00011945362590819545,9.503526649415107e-05,7.626177265082567e-05,3.794307398113936e-05,2.107084677059827e-05,2.249479887787356e-05,2.5669526638837128e-05,2.9599714696548825e-05,3.117860402890605e-05,4.175389321341795e-05,7.048625351564228e-05,6.675103234305845e-05,6.948791635227445e-05,7.611112304499028e-05,8.984296667445733e-05,8.646485673869152e-05,7.541928505679284e-05,5.285508488510398e-05,6.112697008221415e-05,0.00010652131712997559,0.00020353062324104877,0.00031915726959654505,0.0004263210820090355,0.0006141300310416864,0.0007658643960258819,0.0008053942650045059,0.0007601322948011991,0.0,0.0004210776611180463,0.000371518029464417,0.0004655499146619281,0.00044465589135197825,0.00042566905711577315,0.0002988155761855514,4.5175697929631406e-05,7.282106967895481e-05,9.080984718159685e-05,8.506924212378509e-05,8.216696747080715e-05,6.995180434626981e-05,7.827837489357423e-05,6.157710966114587e-05,5.2165097293209296e-05,4.694649641780571e-05,4.339593508331836e-05,3.380873774398195e-05,2.441818395292813e-05,1.8075397028821453e-05,1.5473990498140446e-05,4.790745704015901e-05,3.542594397609668e-05,3.2849638200160765e-05,0.00010442458424092508,0.00023888752804744173,0.00038334292699865194,0.0002916386336916867,0.00020910145774190512,0.0001826327730831891,0.00015177464958917192,0.00011254918328707108,7.737767999383183e-05,4.417224560729775e-05,4.09880523891794e-05,3.230817388187257e-05
54,1.8690037172998602e-05,2.8344344399449495e-05,3.709603794640755e-05,4.3206680074633414e-05,5.0358522861107974e-05,5.558134947846802e-05,6.051532865243133e-05,7.035294730184373e-05,7.48074287811109e-05,6.892235554465307e-05,6.049384435873089e-05,5.298150023314994e-05,5.380414719858548e-05,4.153449450559948e-05,3.0333580108291162e-05,2.5766643796675906e-05,2.2301285049925933e-05,1.759094052410792e-05,1.6124627065042656e-05,2.5941110967733738e-05,4.082770877817612e-05,5.6389089321212846e-05,6.268697608372757e-05,8.84923773063915e-05,9.462118924651928e-05,8.403617211424593e-05,7.650420701993415e-05,6.08654416873948e-05,4.8841936761884746e-05,2.4300683757031166e-05,1.3494847152333822e-05,1.4406818856609949e-05,1.6440076767452697e-05,1.8957170062096832e-05,1.996837148378542e-05,2.6741327155213568e-05,4.5142999134782155e-05,4.275077259766379e-05,4.450361299274334e-05,4.874545305496772e-05,5.754002751687223e-05,5.537651326691096e-05,4.830236464914577e-05,3.3851097657042844e-05,3.914883569348555e-05,6.822169553907699e-05,0.00013035141308557908,0.00020440462681221822,0.0002730378091666107,0.0003933202585920694,0.0004904987007074269,0.0005158156490781339,0.0004868275701291942,0.0004210776611180463,0.0,0.0003106545632878514,0.0003892817951163514,0.00037181070846132176,0.0003559343680684471,0.00024986249646444415,2.893282577570895e-05,4.6638334732621846e-05,5.815926720858815e-05,5.44826903410091e-05,5.2623925324945275e-05,4.4800710572300786e-05,5.0133471901844975e-05,3.94371280853877e-05,3.340919433958251e-05,3.0066935628799466e-05,2.7792974689519532e-05,2.1652843534746158e-05,1.5638652958273088e-05,1.1576408047447845e-05,9.910334353551095e-06,3.068238392374718e-05,2.2688585057324294e-05,2.1038587169605662e-05,6.687884063793984e-05,0.0001529957819301987,0.0002455124021875361,0.0001867802859672658,0.00013391926021191788,0.00011696736180548498,9.720424243523396e-05,7.208224909586315e-05,4.955662085569383e-05,2.8290163624444924e-05,2.625084355108345e-05,2.069180574723123e-05
55,1.6490273463313764e-05,2.500829645007486e-05,3.272994079570259e-05,3.812137789120855e-05,4.443146931713545e-05,4.903958423817834e-05,5.339284823053112e-05,6.207260741212182e-05,6.600280921164003e-05,6.081039219702754e-05,5.3373892576510375e-05,4.6745729783965566e-05,4.7471553563674025e-05,3.6646003762225355e-05,2.6763404827771302e-05,2.273398380677553e-05,1.9676487834271527e-05,1.5520537334109947e-05,1.422680475888231e-05,2.2887916692755598e-05,3.602240468549283e-05,4.975225542073326e-05,5.530889899471654e-05,7.807707858972733e-05,8.348454696244618e-05,7.414535595338709e-05,6.749988152379245e-05,5.370175396657532e-05,4.309338104714625e-05,2.144056305451741e-05,1.1906542390889356e-05,1.2711177644159154e-05,1.4505126937084163e-05,1.672596557839628e-05,1.7618151496262007e-05,2.3593949732667177e-05,3.9829797757821175e-05,3.7719129415209807e-05,3.926566552880103e-05,4.3008253195495195e-05,5.0767731495506146e-05,4.885885666056575e-05,4.261731502277805e-05,2.9866920661047424e-05,3.454113014224361e-05,6.0192197862269946e-05,0.00011500942604950996,0.0001803467891529767,0.00024090204301392077,0.0003470275935146207,0.00043276841202600244,0.0004551056282672141,0.000429529362975739,0.000371518029464417,0.0003106545632878514,0.0,0.0004484289565881642,0.0004283033271406461,0.00041001474841405197,0.00028782640232784474,2.552751525808265e-05,4.114913664942212e-05,5.131408845355896e-05,4.8070234126567016e-05,4.6430240415735044e-05,3.952779557631474e-05,4.423290620957837e-05,3.479549134740629e-05,2.9477028095194525e-05,2.6528143637887026e-05,2.452182137183004e-05,1.9104366023527987e-05,1.3798028409079353e-05,1.0213898060144611e-05,8.74391645614426e-06,2.7071155435684847e-05,2.0018203742871702e-05,1.8562405868821522e-05,5.900739312719458e-05,0.00013498861770095227,0.00021661629740129604,0.00016479678261988167,0.00011815734781360485,0.00010320063917483109,8.576358220769045e-05,6.35983753504102e-05,4.372394887521983e-05,2.4960492596716535e-05,2.3161194640394687e-05,1.8256439624130857e-05
56,2.066399150174451e-05,3.133794151243917e-05,4.101394800757226e-05,4.776996758308618e-05,5.5677154561559836e-05,6.145159170351109e-05,6.690667468578879e-05,7.778329661474597e-05,8.27082395980181e-05,7.620161244582622e-05,6.688292132145154e-05,5.857715853819438e-05,5.9486689629296464e-05,4.59211735936458e-05,3.353727099487892e-05,2.8487996225722044e-05,2.4656642492686707e-05,1.9448813404341662e-05,1.7827634774435446e-05,2.8680889803551885e-05,4.513974046272991e-05,6.234464125133186e-05,6.930768136382373e-05,9.783852839363102e-05,0.00010461463679161512,9.29116796469866e-05,8.458422362003186e-05,6.729376502232314e-05,5.4000393730324695e-05,2.6867208341742898e-05,1.4920109804598519e-05,1.5928399695761423e-05,1.817640079932308e-05,2.0959337717435143e-05,2.2077337504750288e-05,2.9565621082820318e-05,4.991079160784437e-05,4.7265909290291956e-05,4.920387649135062e-05,5.389371986545564e-05,6.361713615725412e-05,6.122512164913476e-05,5.340383453415979e-05,3.742629229868087e-05,4.328355265350108e-05,7.542695200685431e-05,0.00014411851979257676,0.00022599288766889453,0.00030187478580432275,0.00043486090507900796,0.0005423028798293632,0.0005702936859010699,0.0005382440216062246,0.0004655499146619281,0.0003892817951163514,0.0004484289565881642,0.0,0.0007007283149096647,0.0006708071722495453,0.0004709001707648924,3.198857553983042e-05,5.1564057559110435e-05,6.430177704954978e-05,6.023689732545157e-05,5.8181818240259955e-05,4.95323521279873e-05,5.542833477235211e-05,4.360229313973672e-05,3.693771721923774e-05,3.324246477233359e-05,3.0728338712035315e-05,2.393971561688512e-05,1.7290334354997955e-05,1.2799054132368524e-05,1.0957017525737259e-05,3.3922913838263536e-05,2.508484731579253e-05,2.3260584366815e-05,7.394227105045348e-05,0.0001691544809860405,0.0002714422740531222,0.00020650714635800566,0.00014806318624860178,0.00012932090760214553,0.00010747049997937089,7.96952391777706e-05,5.4790559416149996e-05,3.127803841733619e-05,2.9023334893998163e-05,2.2877177512212237e-05
57,1.9736585209709023e-05,2.9931485062066412e-05,3.917322941067254e-05,4.562603675040337e-05,5.3178346746106374e-05,5.86936253736943e-05,6.390388255448475e-05,7.429235834709868e-05,7.8996268375038e-05,7.278166064999126e-05,6.388119524844227e-05,5.594819765262222e-05,5.6816908708707415e-05,4.386021720364701e-05,3.2032107961119246e-05,2.720944619607325e-05,2.3550044796580565e-05,1.8575944678941353e-05,1.7027525044399682e-05,2.7393682650822223e-05,4.3113855031909314e-05,5.954659458322811e-05,6.619713131458592e-05,9.3447505157482e-05,9.991949972715395e-05,8.874177489741648e-05,8.078805765734592e-05,6.427360015769902e-05,5.157683945652097e-05,2.5661399770661304e-05,1.4250490689168818e-05,1.5213528220003297e-05,1.7360638342857295e-05,2.0018676196431074e-05,2.1086499809546636e-05,2.823870691825391e-05,4.7670779934703724e-05,4.5144600748769625e-05,4.6995591385989285e-05,5.147495314750561e-05,6.0761979526525974e-05,5.847731936498979e-05,5.100705402050052e-05,3.574658879307182e-05,4.1340973502269954e-05,7.204176720970074e-05,0.00013765043631300345,0.00021585025738559674,0.0002883265526017414,0.0004153442139549107,0.0005179641598439113,0.0005446987299329496,0.0005140874644257806,0.00044465589135197825,0.00037181070846132176,0.0004283033271406461,0.0007007283149096647,0.0,0.0008365027222752779,0.0005872168501773093,3.055291843426168e-05,4.9249846801756905e-05,6.141589352507287e-05,5.753344685279708e-05,5.557060034881209e-05,4.730932493505922e-05,5.2940694065541475e-05,4.164540881748204e-05,3.527994111341342e-05,3.175053273248411e-05,2.9349241422775705e-05,2.286529381939429e-05,1.6514338832987182e-05,1.2224628647657144e-05,1.0465263210291767e-05,3.2400443035121394e-05,2.3959031655567763e-05,2.2216642188635852e-05,7.062371919110944e-05,0.00016156277587044327,0.0002592598613348419,0.00019723904213590806,0.00014141806492563844,0.00012351694550741447,0.0001026471908969676,7.611849234004092e-05,5.233154226341878e-05,2.9874270436289714e-05,2.7720758700319674e-05,2.185044275155154e-05
58,1.889383179284526e-05,2.8653408786974294e-05,3.750053007668684e-05,4.367780214138709e-05,5.090762803021623e-05,5.618740391713404e-05,6.117518279201725e-05,7.112007002170566e-05,7.562312279867962e-05,6.96738792102909e-05,6.115346423535484e-05,5.355920613062773e-05,5.439082317054934e-05,4.198738319918221e-05,3.066433495749436e-05,2.6047601149979307e-05,2.254445641800687e-05,1.778275068497988e-05,1.63004486652071e-05,2.6223970696643585e-05,4.127289073863145e-05,5.700395128833178e-05,6.337050968732983e-05,8.945729087106527e-05,9.565293086979394e-05,8.495249558599018e-05,7.733840256711166e-05,6.152911343056297e-05,4.937450520157425e-05,2.4565656403283188e-05,1.3641993849787785e-05,1.4563909618115982e-05,1.6619338005087537e-05,1.916387747687688e-05,2.018610495525084e-05,2.7032912375261447e-05,4.5635234664452576e-05,4.321692348698778e-05,4.498887670879211e-05,4.927696944429529e-05,5.8167439218905014e-05,5.598033418846415e-05,4.882904963913545e-05,3.42202072267325e-05,3.9575711360652193e-05,6.89655792659519e-05,0.00013177275411504626,0.00020663343796066666,0.0002760149908601422,0.0003976089901679254,0.0004958470579803789,0.0005214400602626499,0.0004921358976978886,0.00042566905711577315,0.0003559343680684471,0.00041001474841405197,0.0006708071722495453,0.0008365027222752779,0.0,0.0007339363566655368,2.9248306915498687e-05,4.714687527800113e-05,5.87934310490142e-05,5.50767650912889e-05,5.3197732255192035e-05,4.528921381578992e-05,5.068012313390299e-05,3.986714726895662e-05,3.377348543203977e-05,3.039478300864723e-05,2.809602698732026e-05,2.1888944350165494e-05,1.580917553696273e-05,1.1702636243538744e-05,1.001839581985214e-05,3.101694210091137e-05,2.2935979512659882e-05,2.1267990184412652e-05,6.760808198601401e-05,0.00015466403528507442,0.00024818944911945626,0.0001888169227605056,0.00013537950475142377,0.00011824276424652736,9.826414945688448e-05,7.286822797949031e-05,5.009698215164467e-05,2.8598637229279312e-05,2.6537080578470213e-05,2.0917427486084163e-05
59,1.3263287850393157e-05,2.01144168532578e-05,2.6325010744393967e-05,3.0661396207259035e-05,3.573666431185164e-05,3.944301610652962e-05,4.294438881255411e-05,4.992560381506119e-05,5.308670347135932e-05,4.891039180149539e-05,4.292914259506541e-05,3.7598046586720546e-05,3.8181833734965865e-05,2.9474738399354193e-05,2.152606764690975e-05,1.8285165002645626e-05,1.5825991158442486e-05,1.2483319619473865e-05,1.1442757885622156e-05,1.8408974724839593e-05,2.8973171577169988e-05,4.001622449254789e-05,4.4485487138054536e-05,6.279815614684321e-05,6.714743572239579e-05,5.9635833266649556e-05,5.429081333970719e-05,4.31928447102023e-05,3.4660426859902504e-05,1.724485407105091e-05,9.576548223084436e-06,1.0223724208518143e-05,1.1666615129278667e-05,1.3452857318319935e-05,1.417045115756379e-05,1.8976843987958147e-05,3.203549497588309e-05,3.0337863833073575e-05,3.158175791956174e-05,3.4591957698184504e-05,4.0832981807995924e-05,3.9297655152406406e-05,3.4277522311288733e-05,2.4022255714170716e-05,2.7781768008497683e-05,4.841317206601838e-05,9.250320357614145e-05,0.0001450546822496063,0.00019375986379787738,0.0002791176795856917,0.00034807985653046683,0.0003660458975086697,0.00034547465777431756,0.0002988155761855514,0.00024986249646444415,0.00028782640232784474,0.0004709001707648924,0.0005872168501773093,0.0007339363566655368,0.0,2.0532029606816198e-05,3.309665211984749e-05,4.127242204043605e-05,3.866335835332654e-05,3.7344295409465085e-05,3.179259167451106e-05,3.5576958066963884e-05,2.7986353207739596e-05,2.3708661319078357e-05,2.1336844776324665e-05,1.9723140201044724e-05,1.5365828003582656e-05,1.1097888883690234e-05,8.21513787188871e-06,7.032817324445139e-06,2.1773594463731295e-05,1.6100836598022725e-05,1.4929924162975825e-05,4.74602220568646e-05,0.00010857266236836701,0.00017422660163347075,0.00013254766026584303,9.503510776685084e-05,8.30052810685946e-05,6.898048600783305e-05,5.115279385550779e-05,3.516759871678792e-05,2.007596774755559e-05,1.8628774844635396e-05,1.4683832526905372e-05
60,3.08478157218827e-05,4.6782202983254676e-05,6.122683074359841e-05,7.131241594437101e-05,8.31164977825693e-05,9.173674778787294e-05,8.74125355779328e-05,7.783568575328002e-05,6.339125149678477e-05,5.8404284778534276e-05,5.12620279059766e-05,4.489612409729843e-05,4.559322893740168e-05,3.5196017693647864e-05,2.5704447229017532e-05,2.1834459809098326e-05,1.8897940917577775e-05,1.4906430457482543e-05,3.0409540830209182e-05,3.7471138898078566e-05,4.517014328980737e-05,6.23866320409939e-05,6.935436194793969e-05,7.498777376498048e-05,6.1413116721501e-05,5.454299705993372e-05,4.9654436102682194e-05,3.950422209252875e-05,3.170046357636684e-05,1.5772162026992667e-05,8.758721274849956e-06,9.350629125167704e-06,1.0670298708670581e-05,1.2303997730357465e-05,1.2960309825287014e-05,3.162513460161277e-05,4.089102266412923e-05,3.872411768612858e-05,4.031185969918802e-05,4.71981134903285e-05,7.273985920413356e-05,9.139866661399439e-05,7.972281862449466e-05,5.58710725314399e-05,4.629864445832194e-05,6.17959584418556e-05,9.04360208379824e-05,0.0001086186903195543,0.0001111283250376947,0.00012261297562568356,0.00011711596889446727,9.433240488248736e-05,6.819141400376544e-05,4.5175697929631406e-05,2.893282577570895e-05,2.552751525808265e-05,3.198857553983042e-05,3.055291843426168e-05,2.9248306915498687e-05,2.0532029606816198e-05,0.0,0.00010742914396145755,0.00013396705361510349,0.00012549823696766333,0.0001212166618289702,9.654082744717395e-05,8.274505226562791e-05,6.509078866551782e-05,5.514171324885918e-05,4.962533145406839e-05,4.587216995072974e-05,3.573791325463933e-05,2.581152087231966e-05,1.910680534573262e-05,1.635695879311832e-05,7.067538449908215e-05,5.226205619001617e-05,4.846136601460475e-05,2.0848693851588534e-05,4.769463985351426e-05,7.653561068270476e-05,5.8226562579414336e-05,5.0990826817809387e-05,5.8146766500033985e-05,6.30896264783493e-05,6.108195476494617e-05,4.199390711831716e-05,2.3972871497158138e-05,2.2244767032678247e-05,1.7534080283435094e-05
61,4.972520715951905e-05,7.541067917722353e-05,9.869472995738021e-05,0.00011495221210635586,0.00013397982884344461,0.00014787526057012275,0.0001409048368007515,0.0001254674118057412,0.00010218367294455602,9.414492052855518e-05,8.263194321514062e-05,7.237041000001759e-05,7.349410974260418e-05,5.673430128037358e-05,4.1434342544944825e-05,3.519610746550918e-05,3.0462579117013554e-05,2.4028454694815766e-05,4.901872894473181e-05,6.040168811331161e-05,7.281211586457661e-05,0.00010056427431335093,0.00011179592248507793,0.00012087671355770236,9.899501406584464e-05,8.792070895257262e-05,8.004058192825207e-05,6.367892122206805e-05,5.109963482015459e-05,2.5423972679834352e-05,1.4118640806565987e-05,1.5072768020685617e-05,1.720001242636478e-05,1.983345730369712e-05,2.0891401087331662e-05,5.097820810688156e-05,7.045845582375584e-05,6.672470771183427e-05,6.946051237501293e-05,9.933188688841139e-05,0.00015308636156028858,0.00019235518842746277,0.0001677825111305846,0.00011758476444539329,7.463120590615577e-05,9.961213665324503e-05,0.00014577855078605224,0.000175088146474633,0.00017913355790276624,0.00019764626670494345,0.00018878535412262726,0.00015205933596490733,0.00010992130588462994,7.282106967895481e-05,4.6638334732621846e-05,4.114913664942212e-05,5.1564057559110435e-05,4.9249846801756905e-05,4.714687527800113e-05,3.309665211984749e-05,0.00010742914396145755,0.0,0.0002819434768128183,0.0002641202318758232,0.00025510934339045924,0.00020317724254087727,0.0001741430231932737,0.0001369883323520036,0.00011604977441293857,0.00010444014487582299,9.654134158996777e-05,7.521305608464868e-05,5.432223625277954e-05,4.021167133703581e-05,3.4424417853255314e-05,0.00011392534781004048,8.424394109653263e-05,7.811740986899366e-05,3.360709977401146e-05,7.688148387868759e-05,0.000123371752820025,0.00011463895849770418,0.00010731392988516592,0.0001223741290865743,0.00013277673995304212,0.00012855144777932658,8.837925339397078e-05,5.04526639700141e-05,4.6815741548692126e-05,3.6901756248444e-05
62,6.200868077242973e-05,9.40391603986994e-05,0.00012307500266847636,0.00014334852345050732,0.00016707647712851248,0.00018440445702753096,0.0001757121497038649,0.00015646126241458655,0.0001274258091162193,0.00011740126702083322,0.00010304427233446551,9.024786235006913e-05,9.16491463788833e-05,7.074921107227748e-05,5.1669747933732644e-05,4.389049974713063e-05,3.798766162827682e-05,2.9964134123077072e-05,6.112768329457341e-05,7.532254183112444e-05,9.07986815324384e-05,0.0001254063751409406,0.00013941254476421868,0.00015073653730138608,0.00012344946508877492,0.00010963950652304352,9.981277458948438e-05,7.94093403236032e-05,6.372262930922995e-05,3.1704382865884694e-05,1.7606327670117196e-05,1.879615016088797e-05,2.144888157844718e-05,2.473285870108509e-05,2.6052143267243254e-05,6.79537490628477e-05,0.00011471517540412204,0.00010863616665256376,0.00011309039869808276,0.00016172473118243692,0.00024924373679569565,0.0003131782966624359,0.00027317090573534354,0.0001914426979771785,9.30671361076547e-05,0.00012421903367793754,0.00018178980311053924,0.0002183396631602277,0.000223384400832924,0.00024647025036321404,0.0002354204522616878,0.000189622112424132,0.0001370748470654445,9.080984718159685e-05,5.815926720858815e-05,5.131408845355896e-05,6.430177704954978e-05,6.141589352507287e-05,5.87934310490142e-05,4.127242204043605e-05,0.00013396705361510349,0.0002819434768128183,0.0,0.0004300207600802534,0.0004153499070071863,0.0003307979538254967,0.0002835266146194063,0.00022303413253033422,0.0001889435422866666,0.0001700416138643571,0.00015718137453856092,0.0001224562590899344,8.844339245341104e-05,6.546962854621184e-05,5.604725630233757e-05,0.0001420679958472224,0.00010505447737418315,9.741452691782671e-05,5.1187724339949596e-05,0.00011709990537986843,0.00018791027244699507,0.00018664655758430718,0.00017472049516492285,0.00019924038242064227,0.00021617713353526627,0.00020929782959403485,0.00014389247446090666,8.214324496981119e-05,7.622188054853094e-05,6.008067294788972e-05
63,5.808876065893585e-05,8.809441215198561e-05,0.00011529473428639242,0.00013428665093018224,0.00015651462619039436,0.00017274720628270417,0.00016460438896408688,0.00014657045935473055,0.0001558507442844028,0.00014359002286923548,0.00012603040662605467,0.00011037949544826021,0.00011209336456440885,8.653127085967451e-05,6.319574290570248e-05,5.3681174167518234e-05,4.6461587173374404e-05,3.664824761410774e-05,5.7263456024248735e-05,7.056097711074444e-05,8.505878231858543e-05,0.00011747872749303423,0.000130599487761761,0.00014120762655783035,0.0001509873953246734,0.0001340968428068314,0.00012207805715932035,9.712321921597062e-05,7.793726619812768e-05,3.877669446241614e-05,2.15337794637835e-05,2.298901621714656e-05,2.6233493679605914e-05,3.025002912345207e-05,3.1863607118245464e-05,6.365800749214158e-05,0.00010746337907838038,0.00010176865891962078,0.00010594131371550467,0.00015150119443380015,0.0002334876277339106,0.0002933805217556899,0.00025590222473012835,0.00017934052013636348,8.718383502481874e-05,0.00011636644461254627,0.00017029783945699336,0.0002045371757256653,0.00020926300694164992,0.00023088946909611446,0.00022053819135155536,0.0001776350241133445,0.00012840956918220921,8.506924212378509e-05,5.44826903410091e-05,4.8070234126567016e-05,6.023689732545157e-05,5.753344685279708e-05,5.50767650912889e-05,3.866335835332654e-05,0.00012549823696766333,0.0002641202318758232,0.0004300207600802534,0.0,0.0005080022061032221,0.00040458920896032985,0.00034677302988572577,0.00027278646136730174,0.0002310912671251022,0.00020797287664001105,0.0001922438976796117,0.00014977263439656458,0.00010817250160310858,8.007396937652056e-05,6.854974412484361e-05,0.0001330870727334235,9.841338851788316e-05,9.125640262530897e-05,6.260619408215753e-05,0.00014322143634528967,0.00022982750529634618,0.00022828189296491067,0.00021369547819278186,0.00024368502823038962,0.00026439986838154274,0.0002559859948747896,0.00017599063641183718,0.00010046697725736938,9.32247312898039e-05,7.348289691844346e-05
64,5.6106968727158516e-05,8.508892893531765e-05,0.00011136126812885551,0.00012970524484852408,0.00015117487681597636,0.00016685365620925334,0.0001589886442609162,0.00018483448673843446,0.00019653750458605528,0.0001810759705239241,0.0001589321997400915,0.00013919542503615728,0.0001413567208376087,0.00010912132708449604,7.969377155160414e-05,6.769530721573398e-05,5.859095793279656e-05,4.621572496557799e-05,5.53098206936405e-05,6.815367536166007e-05,8.215686451876322e-05,0.0001134707508782784,0.00012614387520944363,0.00017807162025194762,0.00019040451835705035,0.00016910447864162509,0.0001539480406652623,0.00012247843428478,9.828375143904961e-05,4.8899829132878106e-05,2.7155438362202298e-05,2.8990582630528457e-05,3.308207097782713e-05,3.814717257127501e-05,4.018199501635077e-05,6.148621170566114e-05,0.00010379709225794874,9.829665667913779e-05,0.00010232695461433523,0.00014633248638464073,0.00022552182003610576,0.0002833713712012511,0.00024717170683748977,0.0001732220285070826,8.420941761818718e-05,0.00011239641532552476,0.00016448785349057623,0.00019755905947729788,0.000202123661325182,0.00022301230177843565,0.00021301417460009716,0.00017157471823669047,0.0001240286692407821,8.216696747080715e-05,5.2623925324945275e-05,4.6430240415735044e-05,5.8181818240259955e-05,5.557060034881209e-05,5.3197732255192035e-05,3.7344295409465085e-05,0.0001212166618289702,0.00025510934339045924,0.0004153499070071863,0.0005080022061032221,0.0,0.0005102122153898958,0.0004373024092019482,0.00034400073383130644,0.0002914204945310771,0.00026226676288322294,0.00024243153983852407,0.00018887262909610803,0.00013641226820906285,0.00010097826735330218,8.644550086795878e-05,0.00012854659220026913,9.505585674872142e-05,8.814304299438626e-05,7.89503137314751e-05,0.00018061115993881603,0.0002898268120796056,0.0002878776985731379,0.0002694833201995579,0.0003073020124048022,0.00033342471723948235,0.0003228142982099629,0.00022193516411942991,0.00012669512163146875,0.00011756219797044142,9.266651408318329e-05
65,4.468538486990451e-05,6.776754517130344e-05,8.869167661039234e-05,0.0001033014065309143,0.00012040050828681482,0.00013288758979153664,0.0001653204827602701,0.00019219565472989228,0.0002043647537829392,0.00018828745287098817,0.00016526179029531266,0.00014473898417067925,0.00014698635515081868,0.0001134671633745414,8.286763401967479e-05,7.03913221069028e-05,6.092438548592467e-05,4.805629985677816e-05,4.405051067363024e-05,5.427976743217195e-05,6.54323552672788e-05,9.037173615865943e-05,0.00013116764687075844,0.00018516345216230233,0.00019798751691263005,0.0001758391876093864,0.00016007913345692548,0.00012735622709287675,0.00010219797338940109,5.0847300426533866e-05,2.8236923463782553e-05,3.0145153688555928e-05,3.4399588537836013e-05,3.966641148957097e-05,4.178227221984612e-05,4.8969586070864567e-05,8.266732495349197e-05,7.828660208844956e-05,8.149646030143664e-05,0.00011654387362941914,0.00017961279237665732,0.00022568602564891703,0.00019685545484901838,0.00013795956522665929,6.70670742209919e-05,8.951610095427563e-05,0.00013100338881956043,0.00015734235528226328,0.00016097775022477862,0.00018985869116270993,0.00018134691255220273,0.0001460679576025911,0.00010559023256081445,6.995180434626981e-05,4.4800710572300786e-05,3.952779557631474e-05,4.95323521279873e-05,4.730932493505922e-05,4.528921381578992e-05,3.179259167451106e-05,9.654082744717395e-05,0.00020317724254087727,0.0003307979538254967,0.00040458920896032985,0.0005102122153898958,0.0,0.0004547182959988757,0.00035770081348419333,0.00030302652787610277,0.0002727117276418358,0.0002520865523995977,0.00019639461904667527,0.00014184498609684385,0.00010499980036151125,8.988825587122429e-05,0.00010237861849419855,7.570552534411072e-05,7.019993931524167e-05,8.209456745063153e-05,0.00018780413086595213,0.0003013693758608213,0.0002993426374900293,0.0002802156896068535,0.0003195405387606872,0.0003467035993323974,0.00033567061264078054,0.0002307738935963959,0.0001317408470828409,0.00012224419808836364,9.635702546656172e-05
66,3.829980127934137e-05,5.8083499130780956e-05,7.601755247715056e-05,8.853953822998435e-05,0.00010319516223798732,0.00014870559336701536,0.0001849990696885459,0.00021507327301221676,0.0002286908959841143,0.00021069986630555516,0.00018493339088557147,0.00016196769433627492,0.00016448257654342235,0.00012697349604844638,9.273161404422752e-05,7.877020975560161e-05,6.817639561690811e-05,5.377658362557298e-05,3.775565120375228e-05,4.652313753576257e-05,5.608201006373917e-05,0.00010112895169641112,0.0001467809205439703,0.00020720400653570856,0.00022155455771257973,0.00019676984714409393,0.00017913382704684894,0.00014251581617621265,0.0001143629009873518,5.689980526323137e-05,3.159804813322159e-05,3.373342065597519e-05,3.849427349178902e-05,4.438802198572583e-05,4.675573988828629e-05,4.197178609306054e-05,7.085408634682854e-05,6.709937290574569e-05,6.985053935648077e-05,9.98896443059989e-05,0.0001539459551547167,0.00019343527999239387,0.00016872462491756697,0.00011824501340088102,5.748312613909723e-05,7.672416580570324e-05,0.00011228288115492239,0.0001348579844993755,0.00014748567385146767,0.00021245813374691668,0.0002029331729069334,0.00016345485941370212,0.00011815895081962777,7.827837489357423e-05,5.0133471901844975e-05,4.423290620957837e-05,5.542833477235211e-05,5.2940694065541475e-05,5.068012313390299e-05,3.5576958066963884e-05,8.274505226562791e-05,0.0001741430231932737,0.0002835266146194063,0.00034677302988572577,0.0004373024092019482,0.0004547182959988757,0.0,0.0004002790012255813,0.0003390966733947955,0.00030517341266208934,0.0002820931616957871,0.00021977205249368425,0.0001587292150964317,0.00011749823772611691,0.00010058792131774982,8.77486174729614e-05,6.488713445949062e-05,6.016830186028842e-05,9.186652707077783e-05,0.00021015901305011594,0.0003372422656647859,0.00033497427862023857,0.0003135705934549834,0.000357576395928057,0.00038797275608717257,0.0003756264802975295,0.0002582435939631596,0.00014742235047576104,0.00013679528721170938,0.00010782668772579575
67,3.0128257856458076e-05,4.569095871422811e-05,5.9798650283958096e-05,6.96489785633313e-05,8.117771773197498e-05,0.00011697816469026036,0.00014552816172933462,0.00016918581326529284,0.00017989801652966477,0.00016574550494597695,0.0001454764959805417,0.00012741069917799821,0.00012938901282675405,9.988276967763263e-05,7.294664426567178e-05,6.19640079491521e-05,5.363046173239645e-05,4.230295521101215e-05,2.9700206189286582e-05,3.65970850278266e-05,4.4116502014860254e-05,7.955234835921223e-05,0.00011546413492600427,0.0001629955124901997,0.00017428426835307365,0.00015478755750962086,0.0001409143116100899,0.00011210902184749799,8.996273753561291e-05,4.47598146123427e-05,2.485637288233066e-05,2.6536148020480463e-05,3.0281237996480352e-05,3.4917512035380355e-05,3.678005996296376e-05,3.301679778662222e-05,5.573684751185493e-05,5.278322971355393e-05,5.4947414630056174e-05,7.85774562873337e-05,0.00012110045686743042,0.00015216444470928675,0.00013272598907693463,9.301657280148027e-05,4.521867970234569e-05,6.035450247786827e-05,8.832650518545232e-05,0.00010608504470729418,0.00011601852394798922,0.00016712863313684114,0.00015963589253052186,0.0001285805666820371,9.294887230296129e-05,6.157710966114587e-05,3.94371280853877e-05,3.479549134740629e-05,4.360229313973672e-05,4.164540881748204e-05,3.986714726895662e-05,2.7986353207739596e-05,6.509078866551782e-05,0.0001369883323520036,0.00022303413253033422,0.00027278646136730174,0.00034400073383130644,0.00035770081348419333,0.0004002790012255813,0.0,0.0003482674533069999,0.000313426746953346,0.00028972229669953274,0.0002257157295698863,0.00016302200476821818,0.00012067594651184582,0.0001033082950654369,6.902680654896982e-05,5.1042988560274286e-05,4.7330953495306205e-05,7.226612994095611e-05,0.00016532004669820357,0.0002652891555739042,0.0002635050601945351,0.000246668008194344,0.00028128485005258786,0.0003051959239010459,0.00029548381657588463,0.0002031454297100293,0.00011596871107878617,0.00010760900968135508,8.482107329791408e-05
68,2.5523177541227033e-05,3.870713191742499e-05,5.06584740211274e-05,5.900318743640777e-05,6.876976796787112e-05,9.909814500596582e-05,0.00012328429764384897,0.00014332589590809494,0.00015240074740056748,0.00014041143598648886,0.0001232405289637771,0.00010793607487247589,0.00010961200484924367,8.461576756072708e-05,6.179680755189711e-05,5.249285848478656e-05,4.543308819698405e-05,3.5836982062266856e-05,2.5160553231846513e-05,3.1003249610610286e-05,3.737332967567585e-05,6.739283501447088e-05,9.781553349022798e-05,0.00013808177769624718,0.0001476450561798698,0.00013112840212379248,0.00011937567085556449,9.497324678445182e-05,7.621200446291571e-05,3.791831245291708e-05,2.1057096003666814e-05,2.2480118844370056e-05,2.565277478819276e-05,2.9580398017800164e-05,3.115825697204985e-05,2.7970206434293282e-05,4.721751458086508e-05,4.4715354920186083e-05,4.654874588886075e-05,6.656695442248183e-05,0.00010259034809371155,0.00012890623003430197,0.00011243892692651739,7.879906343073736e-05,3.830704037789091e-05,5.112936464810763e-05,7.482586892959623e-05,8.987002977183061e-05,9.828518458995119e-05,0.00014158315413049488,0.00013523567298251153,0.00010892712905647661,7.874171089971607e-05,5.2165097293209296e-05,3.340919433958251e-05,2.9477028095194525e-05,3.693771721923774e-05,3.527994111341342e-05,3.377348543203977e-05,2.3708661319078357e-05,5.514171324885918e-05,0.00011604977441293857,0.0001889435422866666,0.0002310912671251022,0.0002914204945310771,0.00030302652787610277,0.0003390966733947955,0.0003482674533069999,0.0,0.0003466639161865241,0.00032044574037379183,0.00024965163157961894,0.00018030958476540255,0.0001334729617493016,0.00011426356713349726,5.8476113920926465e-05,4.3241108246803165e-05,4.0096454797080635e-05,6.122030930192137e-05,0.00014005100869440861,0.0002247399185752644,0.00022322852075946405,0.00020896499880213208,0.00023829068384087547,0.0002585469690181736,0.0002503193495938925,0.00017209481191646586,9.82429855782936e-05,9.11610579084353e-05,7.185623952551375e-05
69,2.2969836637613548e-05,3.4834867070045285e-05,4.559059586904965e-05,5.310050342766304e-05,6.189003439234968e-05,8.918435795075934e-05,0.00011095092577277882,0.00012898756080158004,0.00013715456336056773,0.00012636466370430328,0.0001109115357152724,9.713814054387537e-05,9.864641033983845e-05,7.615079880617172e-05,5.5614649543548905e-05,4.7241468351238316e-05,4.088795809774556e-05,3.225184725631081e-05,2.2643489295718373e-05,2.7901681820007344e-05,3.363449852069939e-05,6.065084993150181e-05,8.803005900273723e-05,0.00012426806463226856,0.0001328746319036827,0.0001180103053575361,0.00010743331834873161,8.54721149064944e-05,6.85877489004094e-05,3.412496117345192e-05,1.895054228594763e-05,2.023120579775952e-05,2.308646896470835e-05,2.6621172424434432e-05,2.8041182231511475e-05,2.5172064547146384e-05,4.249387031080711e-05,4.024202692045393e-05,4.189200529698285e-05,5.9907590505847536e-05,9.232720073752908e-05,0.00011601043955737026,0.00010119052688635206,7.091599826382621e-05,3.447480072296351e-05,4.601437855670475e-05,6.73402824865387e-05,8.087942416817013e-05,8.845272616555004e-05,0.00012741916306315747,0.00012170668448191501,9.803004958101423e-05,7.086438328500218e-05,4.694649641780571e-05,3.0066935628799466e-05,2.6528143637887026e-05,3.324246477233359e-05,3.175053273248411e-05,3.039478300864723e-05,2.1336844776324665e-05,4.962533145406839e-05,0.00010444014487582299,0.0001700416138643571,0.00020797287664001105,0.00026226676288322294,0.0002727117276418358,0.00030517341266208934,0.000313426746953346,0.0003466639161865241,0.0,0.00037652128294436926,0.0002933387490246102,0.0002118623767750616,0.00015682970457841038,0.00013425881349123133,5.262615839256454e-05,3.891526401264386e-05,3.608520196784716e-05,5.5095824228698375e-05,0.00012604029358990633,0.00020225691755213236,0.0002008967201054272,0.00018806012212667966,0.00021445206308066093,0.00023268190772503906,0.00022527738006436967,0.00015487843194746697,8.841474874669308e-05,8.20412977375747e-05,6.466773506661627e-05
70,2.1232628964027297e-05,3.220030769824094e-05,4.214258122982533e-05,4.908451483004395e-05,5.720929397781631e-05,8.243934911851459e-05,0.00010255971243135057,0.0001192322375941548,0.00012678157013051638,0.0001168077100820128,0.00010252330144205623,8.979158750507883e-05,9.118578692671912e-05,7.039151744414509e-05,5.1408516192445504e-05,4.366859830318299e-05,3.779560373383327e-05,2.9812641552546787e-05,2.0930963256378773e-05,2.5791478925298617e-05,3.109072296629671e-05,5.606382897994664e-05,8.137234974609475e-05,0.00011486967670001039,0.00012282532969009897,0.00010908519146736315,9.930814149272236e-05,7.900786284254788e-05,6.340046065001383e-05,3.154409195149681e-05,1.751731365671741e-05,1.8701120646861295e-05,2.1340440393663664e-05,2.4607814395589743e-05,2.5920428927187008e-05,2.3268302479474395e-05,3.928006088112094e-05,3.719852430135388e-05,3.8723714890221146e-05,5.537678222998887e-05,8.534449885190357e-05,0.00010723657542438982,9.353749205747786e-05,6.555262462266533e-05,3.1867473152195414e-05,4.2534313252578367e-05,6.224734006284217e-05,7.47625170905593e-05,8.176305061109726e-05,0.00011778245770353888,0.0001125020136109649,9.061604150333766e-05,6.550491328228243e-05,4.339593508331836e-05,2.7792974689519532e-05,2.452182137183004e-05,3.0728338712035315e-05,2.9349241422775705e-05,2.809602698732026e-05,1.9723140201044724e-05,4.587216995072974e-05,9.654134158996777e-05,0.00015718137453856092,0.0001922438976796117,0.00024243153983852407,0.0002520865523995977,0.0002820931616957871,0.00028972229669953274,0.00032044574037379183,0.00037652128294436926,0.0,0.0003540194813736574,0.0002556887182409207,0.00018927186013933237,0.00016203190229743795,4.8646044487826436e-05,3.597210441038107e-05,3.335607982603786e-05,5.092892961195903e-05,0.00011650787206423902,0.00018696023631095609,0.00018570291053370545,0.00017383714386138985,0.0001982330635519454,0.00021508418589611178,0.00020823966231707056,0.00014316498336283226,8.172794542265719e-05,7.583651821609976e-05,5.977691727964048e-05
71,1.6541834687553924e-05,2.5086491537863756e-05,3.28322796574861e-05,3.824057451448865e-05,4.4570396118918166e-05,6.42265301757222e-05,7.990182522930887e-05,9.289099183389872e-05,9.877249671157727e-05,9.100210029017006e-05,7.987345829619201e-05,6.995448370328979e-05,7.104067121183291e-05,5.484035193851275e-05,4.0051148533166594e-05,3.402116315376132e-05,2.944565319445866e-05,2.3226317805347767e-05,1.6306814131442847e-05,2.009352593372394e-05,2.4222040544124264e-05,4.367799166597729e-05,6.339525641964632e-05,8.949222471713767e-05,9.56902841668907e-05,8.498567027052813e-05,7.736860388244836e-05,6.155314108170938e-05,4.939378637304521e-05,2.4575249504651485e-05,1.3647321166417083e-05,1.4569596950829257e-05,1.662582800036955e-05,1.9171361136838058e-05,2.0193987803886676e-05,1.8127779359191543e-05,3.060215834381125e-05,2.8980482852898687e-05,3.0168722454824558e-05,4.3142729933684156e-05,6.64898630260127e-05,8.354545761313966e-05,7.287282857552025e-05,5.107048598082462e-05,2.482718808334006e-05,3.313746873101912e-05,4.8495417633115464e-05,5.824569348584729e-05,6.369964214277583e-05,9.176150290793764e-05,8.764763488885175e-05,7.059679614466464e-05,5.103331521376263e-05,3.380873774398195e-05,2.1652843534746158e-05,1.9104366023527987e-05,2.393971561688512e-05,2.286529381939429e-05,2.1888944350165494e-05,1.5365828003582656e-05,3.573791325463933e-05,7.521305608464868e-05,0.0001224562590899344,0.00014977263439656458,0.00018887262909610803,0.00019639461904667527,0.00021977205249368425,0.0002257157295698863,0.00024965163157961894,0.0002933387490246102,0.0003540194813736574,0.0,0.000260077830445002,0.0001925208710340718,0.00016481331637279069,3.789897273127822e-05,2.8025008374049606e-05,2.5986926029837875e-05,3.967751406961444e-05,9.076850364363794e-05,0.00014565625987443675,0.00014467670735689788,0.00013543237161933687,0.00015443865064656984,0.00016756695805443758,0.0001622345530210625,0.0001115364231083511,6.367229252795258e-05,5.908242214074144e-05,4.6570770178609293e-05
72,1.194725355848336e-05,1.8118587264150986e-05,2.3712942208650818e-05,2.7619054873666565e-05,3.219073541071031e-05,4.638727539504889e-05,5.770867523651548e-05,6.709003285914852e-05,7.13379189858278e-05,6.572579082411108e-05,5.7688187367483725e-05,5.052425986247004e-05,5.130875310773175e-05,3.960815727041708e-05,2.892673248598263e-05,2.4571607093760777e-05,2.1266968964092813e-05,1.677508651801427e-05,1.177751119142734e-05,1.4512443979069874e-05,1.749424205661127e-05,3.1546200963511036e-05,4.578689227383296e-05,6.463529109094964e-05,6.911180710113974e-05,6.138045571955854e-05,5.5879069372210936e-05,4.445643410870193e-05,3.5674403786439585e-05,1.7749345380411383e-05,9.856706311538655e-06,1.0522815171610376e-05,1.2007917289223e-05,1.3846415279158342e-05,1.4585002039192224e-05,1.309269380012938e-05,2.2102248757536948e-05,2.093100211860833e-05,2.1789201954393226e-05,3.115961097777804e-05,4.802195570472521e-05,6.0340269662754124e-05,5.263201917805977e-05,3.688539130589668e-05,1.7931306700761232e-05,2.393336342030281e-05,3.5025561664166935e-05,4.206764738670115e-05,4.600673326985904e-05,6.627426539170375e-05,6.330304573811025e-05,5.098816666276273e-05,3.6858544913858493e-05,2.441818395292813e-05,1.5638652958273088e-05,1.3798028409079353e-05,1.7290334354997955e-05,1.6514338832987182e-05,1.580917553696273e-05,1.1097888883690234e-05,2.581152087231966e-05,5.432223625277954e-05,8.844339245341104e-05,0.00010817250160310858,0.00013641226820906285,0.00014184498609684385,0.0001587292150964317,0.00016302200476821818,0.00018030958476540255,0.0002118623767750616,0.0002556887182409207,0.000260077830445002,0.0,0.0001815407328556877,0.00015541343688081234,2.7372334772956343e-05,2.024091567517055e-05,1.876892136502996e-05,2.8656876949486164e-05,6.555707686829876e-05,0.00010519947164080673,0.00010449199495989826,9.781532183853706e-05,0.00011154250742772004,0.00012102435876755498,0.00011717305713060907,8.055659804679146e-05,4.598698015364236e-05,4.267197028004927e-05,3.363549510964045e-05
73,8.843874380252208e-06,1.341216279770078e-05,1.7553346553909606e-05,2.0444820276753798e-05,2.3828976156458033e-05,3.433786973949975e-05,4.271846009998827e-05,4.9662947209485936e-05,5.28074164468775e-05,4.8653076185733906e-05,4.270329409224022e-05,3.7400244766850534e-05,3.798096063424957e-05,2.9319672979076646e-05,2.141281986566179e-05,1.81889674806333e-05,1.5742731251703283e-05,1.2417645374056469e-05,8.718223730594391e-06,1.0742739398060816e-05,1.2949995441967966e-05,2.3351863851368622e-05,3.389344015758239e-05,4.784584106641812e-05,5.115955204287914e-05,4.5436470995541454e-05,4.136410662033078e-05,3.290857741712061e-05,2.6407738325235348e-05,1.3138833967795602e-05,7.2963607908354205e-06,7.789443410469311e-06,8.888780300384606e-06,1.02497161164483e-05,1.0796450015807031e-05,9.691778842781176e-06,1.6361041521040256e-05,1.549403404586851e-05,1.612931072294593e-05,2.3065693205223885e-05,3.5547930883668214e-05,4.466648023796388e-05,3.896049947473238e-05,2.730416372088847e-05,1.3273529615741923e-05,1.7716511878647272e-05,2.5927437292541436e-05,3.114029405499272e-05,3.405617598159138e-05,4.9059080808705063e-05,4.6859655372232354e-05,3.774364866682218e-05,2.7284290859097568e-05,1.8075397028821453e-05,1.1576408047447845e-05,1.0213898060144611e-05,1.2799054132368524e-05,1.2224628647657144e-05,1.1702636243538744e-05,8.21513787188871e-06,1.910680534573262e-05,4.021167133703581e-05,6.546962854621184e-05,8.007396937652056e-05,0.00010097826735330218,0.00010499980036151125,0.00011749823772611691,0.00012067594651184582,0.0001334729617493016,0.00015682970457841038,0.00018927186013933237,0.0001925208710340718,0.0001815407328556877,0.0,0.00015020172170264782,2.0262187375636952e-05,1.4983202180837477e-05,1.3893568257559295e-05,2.1213061113249974e-05,4.852818681060718e-05,7.787320387115855e-05,7.734949899938327e-05,7.240713646607981e-05,8.25685936035605e-05,8.958747051374232e-05,8.673657028710201e-05,5.9631481841315625e-05,3.404155386969062e-05,3.158764002682793e-05,2.4898449841304747e-05
74,7.571066234869493e-06,1.1481887748313914e-05,1.5027073394441166e-05,1.7502406956496323e-05,2.0399515985043282e-05,2.939597228366099e-05,3.657043021674144e-05,4.2515468512469125e-05,4.520738653913858e-05,4.1650937868911516e-05,3.655744689696076e-05,3.2017611078062536e-05,3.2514750465923496e-05,2.5099993121224344e-05,1.833109229143432e-05,1.5571215919491024e-05,1.3477041384773319e-05,1.06305010186521e-05,7.463499194666172e-06,9.19664708357617e-06,1.1086235400553198e-05,1.9991069561226014e-05,2.901550489383182e-05,4.0959879822101234e-05,4.379668235991441e-05,3.8897265677371694e-05,3.541099494448011e-05,2.8172383347811107e-05,2.26071433601431e-05,1.124789633390257e-05,6.246270406584446e-06,6.668388701349807e-06,7.609509306428639e-06,8.774579586919275e-06,9.242627682913985e-06,8.296940503389483e-06,1.4006364597832878e-05,1.3264136617377883e-05,1.3807984437102769e-05,1.9746084521493303e-05,3.0431881736558506e-05,3.823809179325655e-05,3.335331432629247e-05,2.337455544146615e-05,1.1363206618547427e-05,1.5166756007254085e-05,2.219596712958496e-05,2.6658590876201376e-05,2.91548198195514e-05,4.199851041008664e-05,4.01156257215191e-05,3.231159237632739e-05,2.3357542676876083e-05,1.5473990498140446e-05,9.910334353551095e-06,8.74391645614426e-06,1.0957017525737259e-05,1.0465263210291767e-05,1.001839581985214e-05,7.032817324445139e-06,1.635695879311832e-05,3.4424417853255314e-05,5.604725630233757e-05,6.854974412484361e-05,8.644550086795878e-05,8.988825587122429e-05,0.00010058792131774982,0.0001033082950654369,0.00011426356713349726,0.00013425881349123133,0.00016203190229743795,0.00016481331637279069,0.00015541343688081234,0.00015020172170264782,0.0,1.7346058535931964e-05,1.2826823544086403e-05,1.1894009457160788e-05,1.8160082767725815e-05,4.154402254080292e-05,6.666571222975953e-05,6.62173788295715e-05,6.198631985162717e-05,7.068534266932348e-05,7.66940646045922e-05,7.425346521151461e-05,5.104933418232733e-05,2.9142302118266375e-05,2.7041554929855185e-05,2.131507128991109e-05
75,3.271317266156722e-05,4.961110690874849e-05,6.492919640384977e-05,7.56246535162889e-05,8.814252417415609e-05,9.72840377695363e-05,9.269834191591767e-05,8.254238323500766e-05,6.722449894486687e-05,6.193597204291542e-05,5.43618253230392e-05,4.761097747313808e-05,4.835023600616072e-05,3.732430892976065e-05,2.725878642280976e-05,2.3154782177993706e-05,2.0040692986449387e-05,1.580781724449142e-05,4.210367187210003e-05,5.1880840478568034e-05,6.254053298958372e-05,8.637770294939969e-05,9.602490595497844e-05,0.00010382467261339082,8.502981776417936e-05,7.551776148001011e-05,6.874928156049726e-05,5.469575531683402e-05,4.389102499327764e-05,2.183742064393175e-05,1.2126928474011012e-05,1.2946457254384485e-05,1.4773611943553589e-05,1.7035557558942292e-05,1.794425753717916e-05,7.46390694306545e-05,9.650766449426475e-05,7.000088053889852e-05,5.5813973739539375e-05,6.113385529340157e-05,7.713841378515866e-05,9.692551294189774e-05,8.454363039000707e-05,5.9249577311608425e-05,4.9098307764046795e-05,6.553273906072452e-05,9.590465630275912e-05,0.00011518682563239901,0.00011784821710958397,0.00013002734061803183,0.00012419793175675825,0.00010003665336708437,7.231492564833839e-05,4.790745704015901e-05,3.068238392374718e-05,2.7071155435684847e-05,3.3922913838263536e-05,3.2400443035121394e-05,3.101694210091137e-05,2.1773594463731295e-05,7.067538449908215e-05,0.00011392534781004048,0.0001420679958472224,0.0001330870727334235,0.00012854659220026913,0.00010237861849419855,8.77486174729614e-05,6.902680654896982e-05,5.8476113920926465e-05,5.262615839256454e-05,4.8646044487826436e-05,3.789897273127822e-05,2.7372334772956343e-05,2.0262187375636952e-05,1.7346058535931964e-05,0.0,9.447316480460445e-05,6.70974107943682e-05,2.2109407287834553e-05,5.05787185266566e-05,8.116369306646657e-05,6.600432068466982e-05,6.178687537722627e-05,6.16628817215766e-05,6.690463476400923e-05,6.477555982397346e-05,4.4533264419134146e-05,2.542250289454966e-05,2.358990054002855e-05,1.859436016297578e-05
76,2.4190284636013968e-05,3.668573542670411e-05,4.801294446264614e-05,5.592187321556237e-05,6.517841514083915e-05,7.193825522617695e-05,6.85472882569735e-05,6.103730034524034e-05,4.971024305142537e-05,4.579955629575887e-05,4.019873099751463e-05,3.520670736492493e-05,3.575336404412955e-05,2.760006393125468e-05,2.0156950511093928e-05,1.7122178193025714e-05,1.4819414572244498e-05,1.1689346141213371e-05,3.113424116163488e-05,3.836412662617209e-05,4.624660866609975e-05,6.387338954151256e-05,7.100716984037455e-05,7.67748334514053e-05,6.287667404025354e-05,5.5842830170436265e-05,5.0837768218786444e-05,4.044566093249735e-05,3.2455928336206925e-05,1.61480338993133e-05,8.967453404223098e-06,9.573467216143286e-06,1.0924586303927624e-05,1.2597218574527304e-05,1.326917147098588e-05,4.227393419026624e-05,5.465982747115109e-05,3.9646965586989576e-05,3.161181229563255e-05,3.701188472816301e-05,5.704124773033298e-05,7.167313824350519e-05,6.251715492269999e-05,4.3813058261242295e-05,3.630653780500684e-05,4.8459243842129104e-05,7.091824929009162e-05,8.517676127574817e-05,8.714477024959501e-05,9.615082011624859e-05,9.184016944739496e-05,7.39737213513091e-05,5.347444141120144e-05,3.542594397609668e-05,2.2688585057324294e-05,2.0018203742871702e-05,2.508484731579253e-05,2.3959031655567763e-05,2.2935979512659882e-05,1.6100836598022725e-05,5.226205619001617e-05,8.424394109653263e-05,0.00010505447737418315,9.841338851788316e-05,9.505585674872142e-05,7.570552534411072e-05,6.488713445949062e-05,5.1042988560274286e-05,4.3241108246803165e-05,3.891526401264386e-05,3.597210441038107e-05,2.8025008374049606e-05,2.024091567517055e-05,1.4983202180837477e-05,1.2826823544086403e-05,9.447316480460445e-05,0.0,4.9616265662982126e-05,1.6349158822330408e-05,3.740125148796987e-05,6.0017805600816916e-05,4.8807962501440076e-05,4.5689304354786513e-05,4.559761524061053e-05,4.947371430932319e-05,4.789933540869836e-05,3.293084266740511e-05,1.879908095559152e-05,1.744393350355067e-05,1.374990037256124e-05
77,2.2431077596355474e-05,3.40178129533313e-05,4.4521265420239575e-05,5.18550275991514e-05,6.0438399532306734e-05,6.670663902492611e-05,6.356227572546993e-05,5.6598441933081116e-05,4.609513017305074e-05,4.246884303375854e-05,3.727533048279383e-05,3.264634528686308e-05,3.315324706889293e-05,2.5592885119865197e-05,1.869106245848408e-05,1.587699001666942e-05,1.3741691890127019e-05,1.0839253621424984e-05,2.8870043900209083e-05,3.557414533216808e-05,4.2883384100953e-05,5.922828022514721e-05,6.584326561481449e-05,7.119148337890382e-05,5.8304049564506446e-05,5.178173285684662e-05,4.7140657536679455e-05,3.750430275888744e-05,3.0095613091188995e-05,1.4973689101814589e-05,8.315306999420883e-06,8.877249243763354e-06,1.0130109950283815e-05,1.168110221087641e-05,1.2304188205454515e-05,3.002409768027732e-05,3.882089591649171e-05,2.8158353139142064e-05,2.9312884293601265e-05,3.4320243470338525e-05,5.2892997055815854e-05,6.646080233057121e-05,5.797067600795015e-05,4.0626810489382856e-05,3.3666191986293073e-05,4.493510825685851e-05,6.576081169608972e-05,7.898239191192003e-05,8.08072799885556e-05,8.915837657279328e-05,8.516121237655709e-05,6.859407851911124e-05,4.9585582094832e-05,3.2849638200160765e-05,2.1038587169605662e-05,1.8562405868821522e-05,2.3260584366815e-05,2.2216642188635852e-05,2.1267990184412652e-05,1.4929924162975825e-05,4.846136601460475e-05,7.811740986899366e-05,9.741452691782671e-05,9.125640262530897e-05,8.814304299438626e-05,7.019993931524167e-05,6.016830186028842e-05,4.7330953495306205e-05,4.0096454797080635e-05,3.608520196784716e-05,3.335607982603786e-05,2.5986926029837875e-05,1.876892136502996e-05,1.3893568257559295e-05,1.1894009457160788e-05,6.70974107943682e-05,4.9616265662982126e-05,0.0,1.5160187475961092e-05,3.4681294038121687e-05,5.5653088620156776e-05,4.525846680447379e-05,4.2366609022033936e-05,4.228158787963032e-05,4.587580267659113e-05,4.4415918437221553e-05,3.0535989894315496e-05,1.7431942203245027e-05,1.6175346090027883e-05,1.274995672187758e-05
78,1.3467846732820867e-05,2.0424640281912826e-05,2.673101978517725e-05,4.064908359960107e-05,6.185640937720747e-05,8.913590385930528e-05,0.00011089064584894647,0.00012891748152746597,0.00013708004693292143,0.00012629600945693995,0.0001108512771921598,9.708536514184591e-05,9.859281549094283e-05,7.610942588098128e-05,5.558443396116329e-05,4.721580193976761e-05,4.08657435647651e-05,3.2234324744601046e-05,1.733386747683489e-05,2.788652276438712e-05,4.388951697853369e-05,7.914304136846087e-05,0.00011487005720760839,0.00016215687976471317,0.00017338755353715407,0.00015399115576062485,0.00014018928948279216,0.00011153220661432248,8.949986776319351e-05,4.452951965055423e-05,2.4728483669814623e-05,2.6399616150379635e-05,3.0125437160223447e-05,3.473785697716393e-05,3.659082185782172e-05,1.9269522699448724e-05,3.252957646790853e-05,3.08057628631586e-05,3.206884145254383e-05,3.512546735940455e-05,4.146274640475742e-05,3.9903740499469686e-05,3.480618245464678e-05,2.439274950407498e-05,2.8210244528029423e-05,4.9159845476436103e-05,9.392987486292629e-05,0.000147291851798106,0.00019674821040129237,0.00028342249459429995,0.0002707160469070729,0.00021805135530267444,0.00015762590026247993,0.00010442458424092508,6.687884063793984e-05,5.900739312719458e-05,7.394227105045348e-05,7.062371919110944e-05,6.760808198601401e-05,4.74602220568646e-05,2.0848693851588534e-05,3.360709977401146e-05,5.1187724339949596e-05,6.260619408215753e-05,7.89503137314751e-05,8.209456745063153e-05,9.186652707077783e-05,7.226612994095611e-05,6.122030930192137e-05,5.5095824228698375e-05,5.092892961195903e-05,3.967751406961444e-05,2.8656876949486164e-05,2.1213061113249974e-05,1.8160082767725815e-05,2.2109407287834553e-05,1.6349158822330408e-05,1.5160187475961092e-05,0.0,0.0003660335012467129,0.0004498864907248315,0.00034226347280903117,0.0002453988697938939,0.00021433555072226322,0.00017812084083373132,0.0001320863215069684,9.080948274017958e-05,5.183999798637845e-05,4.8103068433758575e-05,3.79164709865494e-05
79,3.080980056097267e-05,4.672455115499662e-05,6.115137814612074e-05,9.29911205209935e-05,0.00014150618685652893,0.00020391228644105753,0.00025367965276568724,0.00029491885180164796,0.00031359199363323033,0.00028892182545650554,0.00025358959082126407,0.0002220979193444513,0.00022554644719991477,0.00017411218576527545,0.00012715806458240718,0.0001080135132177833,9.3486763993085e-05,7.374104682811242e-05,3.965392616253475e-05,6.379477148459018e-05,0.00010040411742514835,0.00018105205447644453,0.00026278317708867033,0.00037095916104875443,0.00039665107943471443,0.0003522787934300168,0.0003207048710484266,0.0002551473231083271,0.0002047449106543152,0.00010186822338615467,5.6570264360491494e-05,6.0393240628234294e-05,6.891663746489598e-05,7.946826739376209e-05,8.370721364494173e-05,4.408203947171006e-05,7.441648120829577e-05,7.047298865003789e-05,7.336247797998092e-05,8.035498661540965e-05,9.485250112979247e-05,9.128603189620374e-05,7.962457258316924e-05,5.580222007745588e-05,6.453533552373681e-05,0.00011246081610404502,0.00021487924303380707,0.00033695309043701077,0.00045009222657841,0.000648373173988056,0.0006193051925320554,0.0004988264941086144,0.0003605938385455318,0.00023888752804744173,0.0001529957819301987,0.00013498861770095227,0.0001691544809860405,0.00016156277587044327,0.00015466403528507442,0.00010857266236836701,4.769463985351426e-05,7.688148387868759e-05,0.00011709990537986843,0.00014322143634528967,0.00018061115993881603,0.00018780413086595213,0.00021015901305011594,0.00016532004669820357,0.00014005100869440861,0.00012604029358990633,0.00011650787206423902,9.076850364363794e-05,6.555707686829876e-05,4.852818681060718e-05,4.154402254080292e-05,5.05787185266566e-05,3.740125148796987e-05,3.4681294038121687e-05,0.0003660335012467129,0.0,0.001029185535689917,0.0007829810916138527,0.000561388200076017,0.0004903260114169734,0.000407479212580152,0.00030216806763510266,0.00020774085923117825,0.0001185920831092657,0.00011004327374792632,8.673984284545032e-05
80,4.944050124267027e-05,7.497890889849019e-05,9.812964485898099e-05,0.0001492228942078662,0.00022707504364659475,0.0003272181405794392,0.0004070798563911953,0.00047325641820142767,0.0005032212175548631,0.00046363298724534045,0.0004069353339472295,0.00035640063412981614,0.00036193448837811,0.00027939790521060024,0.00020405060518196273,0.00017332933473232468,0.00015001825351729648,0.00011833229202915688,6.363267369536199e-05,0.0001023714993746189,0.00016111853377640117,0.00029053431574852325,0.00042168828609240056,0.0005952783377002118,0.0006365061710441462,0.0005653019431227789,0.0005146352552403401,0.00040943502767039634,0.00032855425304043284,0.00016346798529074256,9.07783294435181e-05,9.691306123257934e-05,0.00011059056008755538,0.0001275227655258185,0.00013432500454013178,7.073846917533296e-05,0.0001194161618921477,0.00011308803755582928,0.00011772480242306732,0.00012894568427185212,0.00015220985253368473,0.0001464867377012393,0.0001277735885357184,8.95458484264891e-05,0.00010355988283154023,0.0001804659237355419,0.0003448168209077687,0.0005407087804253768,0.0007222632046393092,0.0010404447328645264,0.0009937993295470585,0.0008004671063367382,0.0005786450998742452,0.00038334292699865194,0.0002455124021875361,0.00021661629740129604,0.0002714422740531222,0.0002592598613348419,0.00024818944911945626,0.00017422660163347075,7.653561068270476e-05,0.000123371752820025,0.00018791027244699507,0.00022982750529634618,0.0002898268120796056,0.0003013693758608213,0.0003372422656647859,0.0002652891555739042,0.0002247399185752644,0.00020225691755213236,0.00018696023631095609,0.00014565625987443675,0.00010519947164080673,7.787320387115855e-05,6.666571222975953e-05,8.116369306646657e-05,6.0017805600816916e-05,5.5653088620156776e-05,0.0004498864907248315,0.001029185535689917,0.0,0.0012564501206787397,0.0009008599049043146,0.000786826377820899,0.00065388208132222,0.0004848892382098864,0.00033336185311055465,0.00019030477074108665,0.00017658649239597982,0.00013919146602402163
81,3.761321578132364e-05,5.704225905001767e-05,9.746971345095456e-05,0.00014821935572746203,0.00022554794188752166,0.0003250175667512682,0.00040434220475499993,0.0004700737227492017,0.0004998370059119186,0.0004605150103024906,0.00040419865423852944,0.00035400380519355726,0.00035950044373368116,0.0002775189271173823,0.00020267834501145162,0.0001721636780942458,0.0001490093661681614,0.0001175364958535361,6.320473777438098e-05,0.00010168304108231428,0.00016003499596265467,0.00028858044421105393,0.00041885239134531227,0.0005912750329686937,0.0006322256051226213,0.0005615002325609885,0.0005111742830835686,0.00040668153727823014,0.0003263446937259806,0.0001623686471870004,9.016783634681891e-05,9.62613114677934e-05,0.00010984682781238107,0.00012666516252185552,0.00013342165581705506,5.3816228360483465e-05,9.084911665803002e-05,8.603482270529062e-05,8.956236860581976e-05,9.809896187706314e-05,0.00011579781522222535,0.00012733911832016684,0.00011107200804707734,7.784110402619714e-05,7.878601796758273e-05,0.00013729439548607256,0.00026232884303042405,0.0004113590178459445,0.0005494815198912694,0.0007915468343188955,0.00075606006585805,0.0006089772805642642,0.0004402201121616309,0.0002916386336916867,0.0001867802859672658,0.00016479678261988167,0.00020650714635800566,0.00019723904213590806,0.0001888169227605056,0.00013254766026584303,5.8226562579414336e-05,0.00011463895849770418,0.00018664655758430718,0.00022828189296491067,0.0002878776985731379,0.0002993426374900293,0.00033497427862023857,0.0002635050601945351,0.00022322852075946405,0.0002008967201054272,0.00018570291053370545,0.00014467670735689788,0.00010449199495989826,7.734949899938327e-05,6.62173788295715e-05,6.600432068466982e-05,4.8807962501440076e-05,4.525846680447379e-05,0.00034226347280903117,0.0007829810916138527,0.0012564501206787397,0.0,0.0008948015344054462,0.0007815348938851943,0.0006494846607136936,0.0004816283109114275,0.0003311199622179329,0.0001890249526444269,0.0001753989310557467,0.00013825538987404163
82,3.5209862807619765e-05,5.3397458145152794e-05,9.124173956458633e-05,0.00013874865714590264,0.0002111362170299698,0.000304250080660767,0.000378506151654897,0.00044003765547972063,0.0004678991689157496,0.0004310897113362875,0.0003783717735145041,0.0003313841998170642,0.0003365296223734874,0.00025978643802034934,0.00018972790743066598,0.00016116302103484455,0.00013948818868171522,0.00011002632473520828,5.916617602615476e-05,9.518585029221499e-05,0.0001498093192834883,0.0002701411628483634,0.0003920891880569996,0.0005534946257569346,0.0005918285995340258,0.0005256223309876023,0.00047851203371695485,0.00038069600900937607,0.0003054924088620987,0.00015199385835421687,8.44064268763696e-05,9.0110550242968e-05,0.00010282799959493552,0.00011857170152183268,0.0001248964785195682,4.712855883557288e-05,7.955942045767191e-05,7.53433922684868e-05,7.843257483632994e-05,8.59083372688858e-05,0.00010140777817381808,0.0001192025939011204,0.00010397489509648107,7.286732965057872e-05,5.6488644862181346e-05,9.843846088746016e-05,0.00018808668382186539,0.0002949395599548693,0.0003939717634700237,0.0005675297364821986,0.0005420861423952886,0.00043662952156163075,0.00031563262389171584,0.00020910145774190512,0.00013391926021191788,0.00011815734781360485,0.00014806318624860178,0.00014141806492563844,0.00013537950475142377,9.503510776685084e-05,5.0990826817809387e-05,0.00010731392988516592,0.00017472049516492285,0.00021369547819278186,0.0002694833201995579,0.0002802156896068535,0.0003135705934549834,0.000246668008194344,0.00020896499880213208,0.00018806012212667966,0.00017383714386138985,0.00013543237161933687,9.781532183853706e-05,7.240713646607981e-05,6.198631985162717e-05,6.178687537722627e-05,4.5689304354786513e-05,4.2366609022033936e-05,0.0002453988697938939,0.000561388200076017,0.0009008599049043146,0.0008948015344054462,0.0,0.00073159754680505,0.0006079848618191685,0.0004508539458590327,0.00030996255439415607,0.00017694691909676648,0.00016419155264417725,0.00012942135387147908
83,4.015113695818383e-05,6.0891139136757485e-05,0.00010404640317905004,0.00015822033633779522,0.00024076660602518889,0.00034694786301482747,0.000431624866522399,0.0005017915652912125,0.0005335631018048447,0.0004915878864879139,0.00043147163005145394,0.00037788992434681297,0.0003837574441068152,0.000296244291260813,0.00021635390167977947,0.00018378028240326853,0.00015906365209115522,0.00012546717542145393,5.1676745428155974e-05,8.313694215659522e-05,0.0001308460099222217,0.00023594589070636892,0.00034245737205319896,0.0004834316292208835,0.000516913174542532,0.00045908749245164907,0.00041794055677637734,0.00033250637550744994,0.00026682227081943144,0.0001327540235377374,7.372201022865215e-05,7.870408868807794e-05,8.981172546295713e-05,0.00010356254275784848,0.00010908671066515675,4.11628856369755e-05,6.948855230368919e-05,6.580620150660307e-05,6.850434615379063e-05,9.796452301956754e-05,0.00011563912112719024,0.00013593122187510737,0.0001185665015521775,8.309336928016553e-05,4.933814412535345e-05,8.59778276252303e-05,0.00016427811177102176,0.0002576052329246785,0.0003441016454692323,0.0004956901338720007,0.00047346726562671576,0.00038135965762234764,0.00027567890726050616,0.0001826327730831891,0.00011696736180548498,0.00010320063917483109,0.00012932090760214553,0.00012351694550741447,0.00011824276424652736,8.30052810685946e-05,5.8146766500033985e-05,0.0001223741290865743,0.00019924038242064227,0.00024368502823038962,0.0003073020124048022,0.0003195405387606872,0.000357576395928057,0.00028128485005258786,0.00023829068384087547,0.00021445206308066093,0.0001982330635519454,0.00015443865064656984,0.00011154250742772004,8.25685936035605e-05,7.068534266932348e-05,6.16628817215766e-05,4.559761524061053e-05,4.228158787963032e-05,0.00021433555072226322,0.0004903260114169734,0.000786826377820899,0.0007815348938851943,0.00073159754680505,0.0,0.0006933081105366039,0.0005141257899024274,0.00035346201265785575,0.00020177925775517175,0.00018723383142994047,0.00014758405998340824
84,3.336709309921842e-05,5.060280884722307e-05,8.64664436558764e-05,0.0001314870036749183,0.00020008603409642304,0.00028832662093348295,0.00035869637067039773,0.00041700751570029226,0.0004434108481354278,0.00040852787785245815,0.00035856902544484294,0.00031404062853982665,0.0003189167564137994,0.00024619006074239573,0.00017979816579657065,0.00015272827265481987,0.00013218783053528104,0.00010426790473066073,4.294530382942078e-05,6.908990128505015e-05,0.00010873791691834362,0.00019607983977581347,0.00028459485537641027,0.00040174972370320914,0.00042957413726879903,0.000381518837617838,0.00034732419862531735,0.00027632520591373594,0.0002217392638382601,0.00011032354743261257,6.126574152365517e-05,6.540603463556387e-05,7.463689529003787e-05,8.606433759003636e-05,9.065512726184164e-05,3.420789400588794e-05,5.774758001154209e-05,5.468740908790629e-05,5.6929667974164666e-05,8.14121742908247e-05,0.00011737732399255846,0.0001474862753518914,0.00012864543887865427,9.015685559591906e-05,4.3828468985449625e-05,7.145078312047328e-05,0.00013652124111295498,0.000214079561403095,0.00028596130794313323,0.0004119369985088273,0.00039346896572449165,0.00031692410636898,0.00022909945921661376,0.00015177464958917192,9.720424243523396e-05,8.576358220769045e-05,0.00010747049997937089,0.0001026471908969676,9.826414945688448e-05,6.898048600783305e-05,6.30896264783493e-05,0.00013277673995304212,0.00021617713353526627,0.00026439986838154274,0.00033342471723948235,0.0003467035993323974,0.00038797275608717257,0.0003051959239010459,0.0002585469690181736,0.00023268190772503906,0.00021508418589611178,0.00016756695805443758,0.00012102435876755498,8.958747051374232e-05,7.66940646045922e-05,6.690463476400923e-05,4.947371430932319e-05,4.587580267659113e-05,0.00017812084083373132,0.000407479212580152,0.00065388208132222,0.0006494846607136936,0.0006079848618191685,0.0006933081105366039,0.0,0.0005578298846215546,0.0003835086230092719,0.00021893183007596668,0.00020314994624882985,0.0001601296818199871
85,2.8272708339601214e-05,4.287692821930723e-05,6.411958546139662e-05,9.750478697551842e-05,0.00014837471070207022,0.00021380992012713288,0.0002659929288340782,0.0003092338242498354,0.00032881333578009,0.00030294571014825655,0.00026589849540154854,0.00023287825968822112,0.00023649417454162043,0.00018256336183251423,0.00013333014947946307,0.0001132563468186154,9.802448832862963e-05,7.732034007164809e-05,3.184628582638656e-05,5.123393125311172e-05,8.063509798654862e-05,0.00014540389904087119,0.0002110426123665534,0.00029791933903979527,0.00031855265976051905,0.0002829170332380974,0.00025755984281254304,0.00020491021610924873,0.00016443176192615646,8.181092952270499e-05,4.5431889914612744e-05,4.850214314580622e-05,5.53473299441945e-05,6.382140187522082e-05,6.722572288405198e-05,3.09833478781339e-05,5.230410735925504e-05,4.953239799073212e-05,5.156329434155169e-05,7.373800085833188e-05,0.000113642080239678,0.0001427928885042011,0.00012455161516924238,8.728783609377614e-05,4.2433736089796014e-05,5.6637368601541617e-05,0.00010123794869691202,0.00015875167466762314,0.00021205591149655619,0.00030547375911190117,0.00029177870521177924,0.00023501651581713358,0.00016988974836136994,0.00011254918328707108,7.208224909586315e-05,6.35983753504102e-05,7.96952391777706e-05,7.611849234004092e-05,7.286822797949031e-05,5.115279385550779e-05,6.108195476494617e-05,0.00012855144777932658,0.00020929782959403485,0.0002559859948747896,0.0003228142982099629,0.00033567061264078054,0.0003756264802975295,0.00029548381657588463,0.0002503193495938925,0.00022527738006436967,0.00020823966231707056,0.0001622345530210625,0.00011717305713060907,8.673657028710201e-05,7.425346521151461e-05,6.477555982397346e-05,4.789933540869836e-05,4.4415918437221553e-05,0.0001320863215069684,0.00030216806763510266,0.0004848892382098864,0.0004816283109114275,0.0004508539458590327,0.0005141257899024274,0.0005578298846215546,0.0,0.00037130440724130994,0.00021196486471347656,0.0001966852004034394,0.00015503394975416868
86,1.9437516244615074e-05,2.947793252670515e-05,4.4082281365954924e-05,6.703464195928194e-05,0.00010200776716965318,0.00014699454137224747,0.0001828704138656305,0.0002125985742165867,0.00022605950865765975,0.00020827548926380087,0.00018280549078303143,0.00016010404455547584,0.00016258998975951728,0.0001255125002057404,9.166461575858257e-05,7.786385565365497e-05,6.73919371774163e-05,5.315781382276376e-05,2.1894354465291907e-05,3.5223380761614625e-05,5.5436713319901725e-05,9.99653310779058e-05,0.00014509201442279457,0.0002048198539246377,0.00021900528327480927,0.00019450575315917496,0.00017707265849791325,0.0001408759856491091,0.00011304700650462785,5.624509871794852e-05,3.1234471336512395e-05,3.334527361054903e-05,3.805134661893964e-05,4.38772798418508e-05,4.621775405876034e-05,2.130108373276142e-05,3.5959127942178274e-05,3.405357488270877e-05,3.544981822579493e-05,5.06949519060289e-05,7.812904777985438e-05,9.81702586316521e-05,8.562936433486874e-05,6.001047765394246e-05,2.9173237478979796e-05,3.893824953100496e-05,6.960119450641533e-05,0.00010914194063571964,0.00014578865862339619,0.00021001352554273763,0.00020059816181256258,0.00016157409785711395,0.00011679937782763804,7.737767999383183e-05,4.955662085569383e-05,4.372394887521983e-05,5.4790559416149996e-05,5.233154226341878e-05,5.009698215164467e-05,3.516759871678792e-05,4.199390711831716e-05,8.837925339397078e-05,0.00014389247446090666,0.00017599063641183718,0.00022193516411942991,0.0002307738935963959,0.0002582435939631596,0.0002031454297100293,0.00017209481191646586,0.00015487843194746697,0.00014316498336283226,0.0001115364231083511,8.055659804679146e-05,5.9631481841315625e-05,5.104933418232733e-05,4.4533264419134146e-05,3.293084266740511e-05,3.0535989894315496e-05,9.080948274017958e-05,0.00020774085923117825,0.00033336185311055465,0.0003311199622179329,0.00030996255439415607,0.00035346201265785575,0.0003835086230092719,0.00037130440724130994,0.0,0.00019026070268785483,0.0001765456010251717,0.00013915923405784299
87,1.1096206834082129e-05,1.682793378747939e-05,2.5165052242225252e-05,3.8267762345145396e-05,5.823271188318327e-05,8.39141078531251e-05,0.00010439440464258866,0.00012136518485440486,0.00012904956751206802,0.00011889728493377023,0.00010435734229656875,9.139787054083266e-05,9.281701081652918e-05,7.16507523398986e-05,5.232816389829023e-05,4.444978650353176e-05,3.8471729847544066e-05,3.0345960337830063e-05,1.249873093805868e-05,2.010781179075718e-05,3.1646905368877127e-05,5.706675564503984e-05,8.282802091316469e-05,0.00011692458204395831,0.0001250225538279495,0.0001110366180695053,0.00010108466630338994,8.042123566845957e-05,6.453463242746832e-05,3.2108384678553034e-05,1.7830681139580686e-05,1.90356652704647e-05,2.1722199847219583e-05,2.5048023950949014e-05,2.63841198632989e-05,1.2160053162877943e-05,2.0527824450316433e-05,1.944001000864108e-05,2.023707712002608e-05,2.89399975137761e-05,4.46011755311239e-05,5.604201077048258e-05,4.888284726161498e-05,3.4257909492149514e-05,1.6653993906049444e-05,2.2228502094388284e-05,3.973291856958957e-05,6.230536516735095e-05,8.32257110317147e-05,0.00011988946982990189,0.00011451456379492526,9.223707320884952e-05,6.667673164397365e-05,4.417224560729775e-05,2.8290163624444924e-05,2.4960492596716535e-05,3.127803841733619e-05,2.9874270436289714e-05,2.8598637229279312e-05,2.007596774755559e-05,2.3972871497158138e-05,5.04526639700141e-05,8.214324496981119e-05,0.00010046697725736938,0.00012669512163146875,0.0001317408470828409,0.00014742235047576104,0.00011596871107878617,9.82429855782936e-05,8.841474874669308e-05,8.172794542265719e-05,6.367229252795258e-05,4.598698015364236e-05,3.404155386969062e-05,2.9142302118266375e-05,2.542250289454966e-05,1.879908095559152e-05,1.7431942203245027e-05,5.183999798637845e-05,0.0001185920831092657,0.00019030477074108665,0.0001890249526444269,0.00017694691909676648,0.00020177925775517175,0.00021893183007596668,0.00021196486471347656,0.00019026070268785483,0.0,0.00013158383407907578,0.00010371884350846952
88,1.0296327496680155e-05,1.5614878125392252e-05,2.3351008433004722e-05,3.550919873451826e-05,5.4034958209993574e-05,7.786508930184214e-05,9.686904679169611e-05,0.00011261647413761875,0.00011974692165325883,0.00011032647484400095,9.683465611584426e-05,8.480937870562257e-05,8.612621906925199e-05,6.648574801337896e-05,4.855604449818456e-05,4.124558651810086e-05,3.569846306914889e-05,2.8158446441342936e-05,1.1597749479206223e-05,1.865832338338604e-05,2.9365611763252446e-05,5.295305090110597e-05,7.685729384606964e-05,0.00010849597588964084,0.00011601019861399993,0.00010303245071602796,9.379789370503619e-05,7.46240037259228e-05,5.988259954835758e-05,2.9793824951453893e-05,1.6545341597103287e-05,1.766346344048641e-05,2.0156336928430134e-05,2.324241622384943e-05,2.4482198546424355e-05,1.1283485574319635e-05,1.9048059079578243e-05,1.8038660650494776e-05,1.8778270513429682e-05,2.6853833621748317e-05,4.138606254119597e-05,5.200217561671797e-05,4.535908638885933e-05,3.178839947353746e-05,1.5453476845593145e-05,2.0626141955238223e-05,3.6868737948796484e-05,5.781403088061303e-05,7.72263161402655e-05,0.00011124713726320287,0.00010625968581898334,8.558808674839707e-05,6.18702837537183e-05,4.09880523891794e-05,2.625084355108345e-05,2.3161194640394687e-05,2.9023334893998163e-05,2.7720758700319674e-05,2.6537080578470213e-05,1.8628774844635396e-05,2.2244767032678247e-05,4.6815741548692126e-05,7.622188054853094e-05,9.32247312898039e-05,0.00011756219797044142,0.00012224419808836364,0.00013679528721170938,0.00010760900968135508,9.11610579084353e-05,8.20412977375747e-05,7.583651821609976e-05,5.908242214074144e-05,4.267197028004927e-05,3.158764002682793e-05,2.7041554929855185e-05,2.358990054002855e-05,1.744393350355067e-05,1.6175346090027883e-05,4.8103068433758575e-05,0.00011004327374792632,0.00017658649239597982,0.0001753989310557467,0.00016419155264417725,0.00018723383142994047,0.00020314994624882985,0.0001966852004034394,0.0001765456010251717,0.00013158383407907578,0.0,0.0001256542932615088
89,8.115914753618962e-06,1.23081768518624e-05,1.840605729707113e-05,2.7989555498461516e-05,4.2592187815419665e-05,6.13759058519105e-05,7.635547007214178e-05,8.876812671787536e-05,9.438858743173164e-05,8.696307156021431e-05,7.632836217433812e-05,6.684963042445477e-05,6.7887608687946e-05,5.240632287397189e-05,3.827352209292654e-05,3.251117102208086e-05,2.8138740069975772e-05,2.2195443082591335e-05,9.141739725879501e-06,1.4707123687920942e-05,2.3146971756218074e-05,4.173939175846827e-05,6.058152727267715e-05,8.552021016376346e-05,9.144317552109774e-05,8.12136742093088e-05,7.39346829852234e-05,5.8821172210053595e-05,4.7201497166467674e-05,2.3484503923191096e-05,1.3041599736886007e-05,1.392294131891928e-05,1.5887908801376634e-05,1.832046123258156e-05,1.9297699733037773e-05,8.894026251048662e-06,1.5014326589903046e-05,1.4218684492706766e-05,1.4801670086400331e-05,2.1167102984267706e-05,3.262189899074103e-05,4.0989879589988346e-05,3.575357121776836e-05,2.5056695250262806e-05,1.218095488573934e-05,1.625822506701848e-05,2.9061190445081246e-05,4.557098114268783e-05,6.087240316826654e-05,8.768876892303739e-05,8.375749043833974e-05,6.74634345303511e-05,4.876825731206559e-05,3.230817388187257e-05,2.069180574723123e-05,1.8256439624130857e-05,2.2877177512212237e-05,2.185044275155154e-05,2.0917427486084163e-05,1.4683832526905372e-05,1.7534080283435094e-05,3.6901756248444e-05,6.008067294788972e-05,7.348289691844346e-05,9.266651408318329e-05,9.635702546656172e-05,0.00010782668772579575,8.482107329791408e-05,7.185623952551375e-05,6.466773506661627e-05,5.977691727964048e-05,4.6570770178609293e-05,3.363549510964045e-05,2.4898449841304747e-05,2.131507128991109e-05,1.859436016297578e-05,1.374990037256124e-05,1.274995672187758e-05,3.79164709865494e-05,8.673984284545032e-05,0.00013919146602402163,0.00013825538987404163,0.00012942135387147908,0.00014758405998340824,0.0001601296818199871,0.00015503394975416868,0.00013915923405784299,0.00010371884350846952,0.0001256542932615088,0.0
